1;;0;0;0;0;0.4040373;-1.693736;1.610918;0.3234695;0.07767488;0.9430451;0.5734532;-0.8088458;-0.1300761
2;;0;0;0;0;0.5150751;-1.600878;0.8746448;0.02242175;-0.0901453;0.9956762;0.6065645;-0.7904532;-0.08522438
3;;0;0;0;3.552714E-15;0.2465773;-0.6530784;-1.82359;-0.1798245;-0.7081348;0.6827944;0.5922362;-0.6321527;-0.4996391
4;;0;0;0;0;-0.7612534;-0.2330552;-1.956054;-0.391255;-0.7035148;0.5932844;0.3565764;-0.7102069;-0.6070086
5;;0;0;0;0;-1.072259;0.1057237;-1.784537;-0.241104;-0.7994635;0.5502063;0.3252005;-0.6007079;-0.7303387
6;;0;0;0;0;-1.123499;-0.002378372;-1.673402;-0.2845645;-0.7481046;0.5994686;0.3063727;-0.6634966;-0.6825746
7;Body;0;-0.1112752;-0.01301845;0.6101602;-1.186365;0.09504583;-1.284823;-0.2136717;-0.7375675;0.6405767;0.3056597;-0.6732727;-0.6732578
8;Body;0;-0.2041998;-0.02388985;1.119698;-1.231502;0.07421179;-1.26694;-0.2448534;-0.7159898;0.6537625;0.2901779;-0.6974965;-0.6552063
9;Body;0;-0.2516597;-0.02944241;1.379938;-1.242637;0.05618979;-1.261829;-0.2323287;-0.7141858;0.6602741;0.292134;-0.6987439;-0.6530043
10;SubcutaneousFat;3.929786;-0.4488518;-0.3015468;1.141954;-1.247676;-0.006269881;-1.214233;-0.2291228;-0.7132563;0.6623958;0.3011924;-0.7035326;-0.6436808
11;SubcutaneousFat;4.128777;-0.4921446;-0.2243419;0.9819981;-1.248588;-0.009108362;-1.211597;-0.2291228;-0.7132563;0.6623958;0.3013323;-0.7044801;-0.6425782
12;SubcutaneousFat;5.476546;-0.6056485;-0.1858154;0.9721113;-1.254764;-0.0283346;-1.193742;-0.2291228;-0.7132563;0.6623958;0.3042558;-0.7066324;-0.6388264
13;Muscle;8.320883;-0.5763559;-0.2430853;1.098958;-1.267798;-0.06890967;-1.156061;-0.2291228;-0.7132563;0.6623958;0.3088079;-0.7059096;-0.6374397
14;Muscle;8.487089;-0.587279;-0.2300715;1.043615;-1.26856;-0.07128031;-1.153858;-0.2291228;-0.7132563;0.6623958;0.3121848;-0.7035156;-0.6384406
15;Muscle;9.121423;-0.7295722;-0.1784467;1.064594;-1.271467;-0.08032925;-1.145455;-0.2291228;-0.7132563;0.6623958;0.3116348;-0.7071625;-0.6346692
16;Muscle;10.20277;-0.8047464;-0.1289998;1.032837;-1.276422;-0.09575485;-1.131129;-0.2291228;-0.7132563;0.6623958;0.3127449;-0.7147092;-0.6256048
17;InterspinousLigament;12.09564;-0.7443346;-0.2115077;1.103325;-1.285096;-0.1227573;-1.106053;-0.2291228;-0.7132563;0.6623958;0.3147568;-0.7155804;-0.6235967
18;InterspinousLigament;13.2152;-0.828019;-0.186335;1.095635;-1.290226;-0.1387275;-1.091221;-0.2291228;-0.7132563;0.6623958;0.3133082;-0.7216677;-0.6172792
19;InterspinousLigament;15.23647;-0.8731597;-0.1550163;1.041208;-1.299489;-0.167561;-1.064443;-0.2291228;-0.7132563;0.6623958;0.3157842;-0.7274846;-0.6091358
20;InterspinousLigament;17.982;-0.9081526;-0.1459012;1.068326;-1.312071;-0.2067262;-1.028071;-0.2291228;-0.7132563;0.6623958;0.3165316;-0.7372267;-0.5969125
21;InterspinousLigament;20.37422;-0.8889856;-0.181704;1.159965;-1.323032;-0.2408519;-0.9963789;-0.2291228;-0.7132563;0.6623958;0.3187264;-0.7410139;-0.5910261
22;InterspinousLigament;23.00251;-0.9841657;-0.06626553;0.9799538;-1.335076;-0.2783445;-0.9615593;-0.2291228;-0.7132563;0.6623958;0.319281;-0.747507;-0.5824886
23;InterspinousLigament;25.14925;-0.9881413;-0.06536572;0.8788113;-1.344913;-0.3089681;-0.9331194;-0.2291228;-0.7132563;0.6623958;0.3189689;-0.7560118;-0.5715812
24;InterspinousLigament;25.94022;-0.9453358;-0.1110453;0.973855;-1.348538;-0.3202517;-0.922641;-0.2291228;-0.7132563;0.6623958;0.3187709;-0.7592141;-0.5674319
25;InterspinousLigament;28.22431;-0.9424675;-0.1116517;0.9765854;-1.359006;-0.3528341;-0.8923815;-0.2291228;-0.7132563;0.6623958;0.3208663;-0.7628861;-0.5612928
26;InterspinousLigament;31.38362;-1.023414;-0.09852169;1.014936;-1.373483;-0.3979023;-0.8505275;-0.2291228;-0.7132563;0.6623958;0.3226573;-0.7710688;-0.5489491
27;LigamentumFlavum;32.51045;-0.9899399;-0.09534034;0.9580113;-1.378646;-0.4139766;-0.835599;-0.2291228;-0.7132563;0.6623958;0.3224211;-0.7753412;-0.5430384
28;LigamentumFlavum;33.20982;-1.043623;-0.1308161;1.092978;-1.38185;-0.4239534;-0.8263339;-0.2291228;-0.7132563;0.6623958;0.3220282;-0.7784228;-0.5388467
29;EpiduralSpace;34.70686;-1.095286;-0.09908032;1.042409;-1.388711;-0.4453085;-0.806501;-0.2291228;-0.7132563;0.6623958;0.3241502;-0.7790847;-0.5366132
30;EpiduralSpace;34.99249;-1.105975;-0.09551304;1.040161;-1.39002;-0.4493839;-0.8027178;-0.2291228;-0.7132563;0.6623958;0.3237737;-0.7801336;-0.535315
31;EpiduralSpace;35.3467;-1.116899;-0.07890801;1.00237;-1.391643;-0.4544365;-0.798025;-0.2291228;-0.7132563;0.6623958;0.324142;-0.7801314;-0.5350953
32;EpiduralSpace;35.4419;-1.039917;-0.08612119;0.9915096;-1.392079;-0.4557944;-0.7967638;-0.2291228;-0.7132563;0.6623958;0.3240464;-0.7795089;-0.5360596
33;EpiduralSpace;35.86658;-1.076715;-0.07645272;0.9725044;-1.394026;-0.461852;-0.791137;-0.2291228;-0.7132563;0.6623958;0.3243734;-0.7806011;-0.5342694
34;EpiduralSpace;36.32444;-1.088811;-0.04853413;0.8993969;-1.396123;-0.4683838;-0.7850716;-0.2291228;-0.7132563;0.6623958;0.324427;-0.7816733;-0.5326668
