1;;0;0;0;1.776357E-15;-0.698314;-1.740171;1.494369;0.4050121;0.0252543;0.9139625;0.5487763;-0.8062537;-0.2209059;0;0;0;0;0;0;0;0;0;0;0
2;;0;0;0;1.776357E-15;-0.698314;-1.740171;1.494369;0.4038488;0.02524231;0.9144774;0.5489855;-0.8063086;-0.2201848;0;0;0;0;0;0;0;0;0;0;0
3;;0;3.552714E-15;0;1.776357E-15;-0.6954907;-1.740546;1.506552;0.3847465;0.02790128;0.9226005;0.5529436;-0.8073071;-0.2061761;0;0;0;0;0;0;0;0;0;0;0
4;;0;0;0;0;-0.7084905;-1.736273;1.379673;0.17582;0.002916241;0.984418;0.5663776;-0.8182104;-0.09873289;0;0;0;0;0;0;0;0;0;0;0
5;;0;0.5239089;-0.09497874;-0.9275948;-0.3029973;-1.040807;-0.1725764;0.1432266;-0.364807;0.9200011;0.5518644;-0.7422105;-0.3802226;0;0;0;0;0;0;0;0;0;0;0
6;Body;0;-0.02258224;-0.06378663;0.8760985;-0.958474;0.1523437;-1.314765;-0.08740129;-0.7802375;0.6193468;0.3831432;-0.6002302;-0.7020862;1;0;0;0;0.1;0;0.85;3.654665;0;0;0
7;Body;5.304341;-0.407501;-0.422418;1.770454;-0.9984716;0.2088291;-1.277181;-0.3140971;-0.7343838;0.6016839;0.3408697;-0.6736494;-0.6557471;1;0;0;0;0.1;0;0.85;3.654665;0;0;0
8;Body;10.88941;-0.4558725;-0.3315177;1.657013;-1.033446;0.1267631;-1.209956;-0.3140971;-0.7343838;0.6016839;0.3479074;-0.6812541;-0.6440911;1;0;0;0;0.1;0;0.85;3.654665;0;0;0
9;SubcutaneousFat;17.33777;-0.4914181;-0.3791489;1.795249;-1.073826;0.03201222;-1.13234;-0.3140971;-0.7343838;0.6016839;0.3479753;-0.7037527;-0.6193911;0.2;0;0;0;0.05;0;0;7.309331;3.654662;6.824451;5.876223
10;Muscle;25.91727;-0.5119621;-0.2516344;1.329418;-1.127551;-0.09405383;-1.029073;-0.3140971;-0.7343838;0.6016839;0.350176;-0.7256153;-0.5923337;0.8;0;0;0;0.05;0;0;4.872887;10.96399;18.14064;27.76855
11;InterspinousLigament;31.6012;-0.5157822;-0.2939699;1.598616;-1.163145;-0.1775724;-0.9606586;-0.3140971;-0.7343838;0.6016839;0.3453021;-0.7548539;-0.5576397;0.2;0;0;0;0.05;0;0;31.67377;15.83688;14.49981;10.06021
12;InterspinousLigament;37.5038;-0.5050319;-0.2738728;1.425695;-1.200108;-0.2643036;-0.8896116;-0.3140971;-0.7343838;0.6016839;0.3416323;-0.7754669;-0.5309787;0.2;0;0;0;0.05;0;0;31.67377;15.83688;14.49981;10.06021
13;InterspinousLigament;43.79286;-0.533901;-0.3104081;1.621552;-1.239491;-0.3567139;-0.8139133;-0.3140971;-0.7343838;0.6016839;0.3420262;-0.7959312;-0.4995114;0.2;0;0;0;0.05;0;0;31.67377;15.83688;14.49981;10.06021
14;InterspinousLigament;49.85714;-0.605843;-0.2656449;1.594863;-1.277465;-0.445822;-0.7409207;-0.3140971;-0.7343838;0.6016839;0.340901;-0.8123102;-0.4732216;0.2;0;0;0;0.05;0;0;31.67377;15.83688;14.49981;10.06021
15;EpiduralSpace;56.39301;-0.6056384;-0.3255351;1.652174;-1.318396;-0.5418577;-0.6622517;-0.3140971;-0.7343838;0.6016839;0.3407469;-0.8307171;-0.440228;0.2;0;0;0;0.05;0;0;7.309331;51.16531;8.70026;8.823339
16;EpiduralSpace;58.0121;-0.6321406;-0.3111821;1.635659;-1.328533;-0.5656486;-0.642763;-0.3140971;-0.7343838;0.6016839;0.33965;-0.8361655;-0.4306566;0.2;0;0;0;0.05;0;0;7.309331;51.16531;8.70026;8.823339
17;EpiduralSpace;57.7487;-0.5732302;-0.2984766;1.533835;-1.326886;-0.5617782;-0.645934;-0.3140971;-0.7343838;0.6016839;0.3392215;-0.8349627;-0.4333198;0.2;0;0;0;0.05;0;0;7.309331;51.16531;8.70026;8.823339
18;EpiduralSpace;57.48472;-0.5144612;-0.2858422;1.43237;-1.325233;-0.5578997;-0.6491117;-0.3140971;-0.7343838;0.6016839;0.3390535;-0.8333418;-0.4365593;0.2;0;0;0;0.05;0;0;7.309331;51.16531;8.70026;8.823339
19;EpiduralSpace;57.29196;-0.5423421;-0.2625831;1.389394;-1.324024;-0.5550664;-0.6514307;-0.3140971;-0.7343838;0.6016839;0.3390444;-0.8329939;-0.4372301;0.2;0;0;0;0.05;0;0;7.309331;51.16531;8.70026;8.823339
20;EpiduralSpace;57.22452;-0.5156024;-0.2633303;1.363619;-1.323603;-0.5540764;-0.6522437;-0.3140971;-0.7343838;0.6016839;0.3385409;-0.8331704;-0.4372839;0.2;0;0;0;0.05;0;0;7.309331;51.16531;8.70026;8.823339
21;LigamentumFlavum;54.21691;-0.3660131;-0.1077633;0.6563927;-1.304768;-0.5098828;-0.6884438;-0.3140971;-0.7343838;0.6016839;0.3344941;-0.8266194;-0.4525638;0.2;0;0;0;0.05;0;0;3.654665;47.51065;55.802;53.84608
22;InterspinousLigament;38.78604;-0.163471;-0.1086738;0.1882842;-1.208138;-0.2831449;-0.8741783;-0.3140971;-0.7343838;0.6016839;0.3256759;-0.7943622;-0.512761;0.2;0;0;0;0.05;0;0;31.67377;15.83688;14.49981;10.06021
23;Body;13.56561;-0.01017438;-0.03040008;-0.2304333;-1.050204;0.08743941;-1.177744;-0.3140971;-0.7343838;0.6016839;0.3219746;-0.7200627;-0.6146886;1;0;0;0;0.1;0;0.85;3.654665;0;0;0
24;Body;0;0;0;0;-0.8166141;0.3610221;-1.585952;-0.3528392;-0.7721976;0.5284083;0.3463902;-0.6324051;-0.6928763;1;0;0;0;0.1;0;0.85;3.654665;0;0;0
25;Body;0;0;0;0;-0.02219022;-0.4217119;-1.542651;0.3702309;-0.6479801;0.6656207;0.5675948;-0.4094294;-0.7142855;1;0;0;0;0.1;0;0.85;3.654665;0;0;0
26;Body;0;0;0;0;-0.01842783;-1.554649;0.2216851;0.6876714;-0.1286295;0.7145366;0.4750774;-0.6644999;-0.5768374;1;0;0;0;0.1;0;0.85;3.654665;0;0;0
27;Body;0;0;0;0;-0.01726293;-1.60224;0.6060303;0.711967;-0.05855649;0.6997672;0.4646981;-0.7078137;-0.5320296;1;0;0;0;0.1;0;0.85;3.654665;0;0;0
28;Body;0;0;0;0;-0.07092676;-1.605201;0.6412442;0.7102996;-0.05541245;0.7017151;0.4631207;-0.7139477;-0.5251647;1;0;0;0;0.1;0;0.85;3.654665;0;0;0
