3;Body;1.098306;-0.0001466133;-0.000414128;0.005687987;-1.107911;0.1842428;-1.279517;-0.2200915;-0.7813291;0.5840245;0.3389768;-0.616943;-0.7102648;0.1;0.1;0;0;0.001;0;0;2.999997;0;0;0;1
4;Body;2.179091;0.08645044;-0.04105651;0.07507458;-1.134333;0.1576532;-1.287878;-0.2200915;-0.7813291;0.5840245;0.3252531;-0.6317298;-0.7036532;0.1;0.1;0;0;0.001;0;0;2.999997;0;0;0;2
4;Body;3.102312;0.06845151;-0.04332868;0.09632535;-1.138309;0.1432028;-1.277094;-0.2200915;-0.7813291;0.5840245;0.3256395;-0.6402032;-0.6957721;0.1;0.1;0;0;0.001;0;0;2.999997;0;0;0;3
4;Body;4.276702;0.04874121;-0.04955028;0.1323222;-1.143368;0.1248209;-1.263375;-0.2200915;-0.7813291;0.5840245;0.3284082;-0.6444269;-0.6905519;0.1;0.1;0;0;0.001;0;0;2.999997;0;0;0;4
4;Body;5.514644;0.04677175;-0.05927866;0.1669601;-1.1487;0.1054443;-1.248914;-0.2200915;-0.7813291;0.5840245;0.3320999;-0.6439841;-0.6891982;0.1;0.1;0;0;0.001;0;0;2.999997;0;0;0;6
4;Body;6.418286;0.03414903;-0.06427643;0.1934671;-1.152592;0.09130032;-1.238358;-0.2200915;-0.7813291;0.5840245;0.3343167;-0.6470938;-0.6852021;0.1;0.1;0;0;0.001;0;0;2.999997;0;0;0;6
5;Body;7.320034;0.04294441;-0.07290588;0.2162815;-1.156474;0.07718572;-1.227825;-0.2200915;-0.7813291;0.5840245;0.3351578;-0.647709;-0.6842093;0.1;0.1;0;0;0.001;0;0;2.999997;0;0;0;7
5;Body;8.50215;0.001851849;-0.08238444;0.2794245;-1.161566;0.05868294;-1.214016;-0.2200915;-0.7813291;0.5840245;0.3381692;-0.6571093;-0.6736832;0.1;0.1;0;0;0.001;0;0;2.999997;0;0;0;9
5;Body;9.637482;-0.03302192;-0.08636734;0.319169;-1.166457;0.04091306;-1.200753;-0.2200915;-0.7813291;0.5840245;0.3414646;-0.6635774;-0.6656328;0.1;0.1;0;0;0.001;0;0;2.999997;0;0;0;10
5;SubcutaneousFat;10.57297;-0.05874894;-0.08898653;0.3474015;-1.170485;0.02626999;-1.189826;-0.2200915;-0.7813291;0.5840245;0.3444956;-0.6671138;-0.6605164;0.2;0;0;0;0.05;0;0;5.999993;2.999997;5.588145;6.680473;11
5;SubcutaneousFat;11.50393;-0.08685479;-0.09299579;0.3821573;-1.174496;0.01169896;-1.17895;-0.2200915;-0.7813291;0.5840245;0.3477028;-0.6700407;-0.6558569;0.2;0;0;0;0.05;0;0;5.999993;2.999997;5.588145;6.680473;12
5;SubcutaneousFat;12.52471;-0.1185201;-0.09902411;0.4264663;-1.178892;-0.004279062;-1.167026;-0.2200915;-0.7813291;0.5840245;0.3538136;-0.6663865;-0.6563116;0.2;0;0;0;0.05;0;0;5.999993;2.999997;5.588145;6.680473;13
6;SubcutaneousFat;13.48719;-0.1565752;-0.110031;0.492539;-1.183037;-0.01934413;-1.155783;-0.2200915;-0.7813291;0.5840245;0.3572811;-0.6720293;-0.6486346;0.2;0;0;0;0.05;0;0;5.999993;2.999997;5.588145;6.680473;13
6;SubcutaneousFat;14.47969;-0.1859383;-0.1136578;0.5269347;-1.187312;-0.03487898;-1.144189;-0.2200915;-0.7813291;0.5840245;0.359892;-0.6774294;-0.641535;0.2;0;0;0;0.05;0;0;5.999993;2.999997;5.588145;6.680473;14
6;SubcutaneousFat;15.64548;-0.2279938;-0.1203081;0.5811601;-1.192333;-0.05312616;-1.130571;-0.2200915;-0.7813291;0.5840245;0.3625194;-0.6827446;-0.6343812;0.2;0;0;0;0.05;0;0;5.999993;2.999997;5.588145;6.680473;16
6;Muscle;16.72727;-0.2442022;-0.1185111;0.5871969;-1.196993;-0.07005868;-1.117934;-0.2200915;-0.7813291;0.5840245;0.3655295;-0.6861572;-0.6289487;0.8;0;0;0;0.05;0;0;3.999996;8.99999;13.00384;13.31028;17
6;Muscle;17.70795;-0.2661546;-0.1199254;0.6084902;-1.201217;-0.08540849;-1.106479;-0.2200915;-0.7813291;0.5840245;0.3688079;-0.6864362;-0.6267265;0.8;0;0;0;0.05;0;0;3.999996;8.99999;13.00384;13.31028;18
6;Muscle;18.98353;-0.274798;-0.1296355;0.6480734;-1.206711;-0.1053741;-1.091578;-0.2200915;-0.7813291;0.5840245;0.3711484;-0.6876743;-0.6239815;0.8;0;0;0;0.05;0;0;3.999996;8.99999;13.00384;13.31028;19
6;InterspinousLigament;19.89818;-0.2760097;-0.1368123;0.673445;-1.21065;-0.1196903;-1.080894;-0.2200915;-0.7813291;0.5840245;0.3718523;-0.6931719;-0.6174452;0.2;0;0;0;0.05;0;0;25.99997;12.99999;18.64301;12.30881;20
7;InterspinousLigament;20.79991;-0.285715;-0.1439353;0.7050077;-1.214535;-0.1338043;-1.07036;-0.2200915;-0.7813291;0.5840245;0.3732121;-0.6940248;-0.6156641;0.2;0;0;0;0.05;0;0;25.99997;12.99999;18.64301;12.30881;21
7;InterspinousLigament;21.89236;-0.2964706;-0.1506718;0.7360404;-1.219241;-0.1509034;-1.057599;-0.2200915;-0.7813291;0.5840245;0.3744393;-0.7003448;-0.6077108;0.2;0;0;0;0.05;0;0;25.99997;12.99999;18.64301;12.30881;22
7;InterspinousLigament;23.12402;-0.3255247;-0.156343;0.7771725;-1.224546;-0.1701818;-1.043211;-0.2200915;-0.7813291;0.5840245;0.3766039;-0.7072982;-0.5982465;0.2;0;0;0;0.05;0;0;25.99997;12.99999;18.64301;12.30881;23
7;InterspinousLigament;24.34377;-0.359039;-0.159684;0.8137063;-1.229798;-0.1892739;-1.028963;-0.2200915;-0.7813291;0.5840245;0.3795307;-0.7130869;-0.5894604;0.2;0;0;0;0.05;0;0;25.99997;12.99999;18.64301;12.30881;24
7;InterspinousLigament;25.55355;-0.3925284;-0.1631932;0.8507985;-1.235008;-0.2082096;-1.014831;-0.2200915;-0.7813291;0.5840245;0.3825737;-0.7189295;-0.5803255;0.2;0;0;0;0.05;0;0;25.99997;12.99999;18.64301;12.30881;26
7;InterspinousLigament;26.52682;-0.4001776;-0.1710234;0.8832291;-1.2392;-0.2234438;-1.003462;-0.2200915;-0.7813291;0.5840245;0.3840135;-0.7231153;-0.5741411;0.2;0;0;0;0.05;0;0;25.99997;12.99999;18.64301;12.30881;27
8;InterspinousLigament;29.57061;-0.4414355;-0.1927812;1.066716;-1.25231;-0.271086;-0.9679062;-0.2200915;-0.7813291;0.5840245;0.3852635;-0.7396978;-0.551742;0.2;0;0;0;0.05;0;0;25.99997;12.99999;18.64301;12.30881;30
8;InterspinousLigament;30.59668;-0.4190021;-0.1973396;0.9870549;-1.256731;-0.287146;-0.9559203;-0.2200915;-0.7813291;0.5840245;0.3863854;-0.7422662;-0.5474918;0.2;0;0;0;0.05;0;0;25.99997;12.99999;18.64301;12.30881;31
8;InterspinousLigament;31.58063;-0.4309566;-0.1983512;0.9994736;-1.260968;-0.3025474;-0.9444262;-0.2200915;-0.7813291;0.5840245;0.3880163;-0.7455893;-0.5417932;0.2;0;0;0;0.05;0;0;25.99997;12.99999;18.64301;12.30881;32
8;InterspinousLigament;32.71915;-0.4503806;-0.1965834;1.008022;-1.265872;-0.3203669;-0.9311258;-0.2200915;-0.7813291;0.5840245;0.3903318;-0.7482352;-0.536456;0.2;0;0;0;0.05;0;0;25.99997;12.99999;18.64301;12.30881;33
8;InterspinousLigament;33.74356;-0.4601342;-0.2031037;1.037566;-1.270284;-0.3364018;-0.9191597;-0.2200915;-0.7813291;0.5840245;0.3918882;-0.7526602;-0.5290806;0.2;0;0;0;0.05;0;0;25.99997;12.99999;18.64301;12.30881;34
8;InterspinousLigament;34.85272;-0.4768599;-0.2038615;1.0527;-1.275062;-0.3537627;-0.9062037;-0.2200915;-0.7813291;0.5840245;0.3937001;-0.7550419;-0.5243205;0.2;0;0;0;0.05;0;0;25.99997;12.99999;18.64301;12.30881;35
8;InterspinousLigament;35.85476;-0.4844832;-0.2049423;1.062106;-1.279377;-0.3694468;-0.8944979;-0.2200915;-0.7813291;0.5840245;0.3950951;-0.7579914;-0.5189883;0.2;0;0;0;0.05;0;0;25.99997;12.99999;18.64301;12.30881;36
8;InterspinousLigament;36.76984;-0.4870487;-0.2106314;1.083422;-1.283319;-0.3837696;-0.8838088;-0.2200915;-0.7813291;0.5840245;0.395798;-0.7616484;-0.513065;0.2;0;0;0;0.05;0;0;25.99997;12.99999;18.64301;12.30881;37
8;InterspinousLigament;37.86401;-0.5068547;-0.2152563;1.114047;-1.288031;-0.4008961;-0.8710272;-0.2200915;-0.7813291;0.5840245;0.3981813;-0.7654737;-0.5054717;0.2;0;0;0;0.05;0;0;25.99997;12.99999;18.64301;12.30881;38
9;InterspinousLigament;38.83488;-0.5055509;-0.217838;1.121869;-1.292214;-0.416092;-0.8596857;-0.2200915;-0.7813291;0.5840245;0.3987034;-0.7672557;-0.5023488;0.2;0;0;0;0.05;0;0;25.99997;12.99999;18.64301;12.30881;39
9;InterspinousLigament;39.7362;-0.5149126;-0.2177621;1.128636;-1.296096;-0.4301999;-0.8491573;-0.2200915;-0.7813291;0.5840245;0.4001899;-0.7697217;-0.4973696;0.2;0;0;0;0.05;0;0;25.99997;12.99999;18.64301;12.30881;40
9;InterspinousLigament;40.6448;-0.5293701;-0.2212446;1.151353;-1.300008;-0.4444218;-0.8385436;-0.2200915;-0.7813291;0.5840245;0.4017295;-0.7732788;-0.4905644;0.2;0;0;0;0.05;0;0;25.99997;12.99999;18.64301;12.30881;41
9;LigamentumFlavum;41.77008;-0.542628;-0.2235985;1.169326;-1.304855;-0.4620349;-0.8253987;-0.2200915;-0.7813291;0.5840245;0.4033863;-0.7763003;-0.4843939;0.2;0;0;0;0.05;0;0;2.999997;38.99996;56.8849;60.42253;42
9;LigamentumFlavum;42.95118;-0.5612096;-0.220561;1.172917;-1.309943;-0.4805214;-0.8116015;-0.2200915;-0.7813291;0.5840245;0.4056393;-0.778704;-0.4786198;0.2;0;0;0;0.05;0;0;2.999997;38.99996;56.8849;60.42253;43
9;EpiduralSpace;44.15241;-0.5546858;-0.2194791;1.164332;-1.315116;-0.4993241;-0.7975701;-0.2200915;-0.7813291;0.5840245;0.4064938;-0.7805552;-0.4748646;0.2;0;0;0;0.05;0;0;5.999993;41.99995;7.517768;9.164976;44
9;EpiduralSpace;45.10286;-0.5625599;-0.2206059;1.174081;-1.31921;-0.5142007;-0.7864674;-0.2200915;-0.7813291;0.5840245;0.407507;-0.7815868;-0.4722925;0.2;0;0;0;0.05;0;0;5.999993;41.99995;7.517768;9.164976;45
9;EpiduralSpace;46.09802;-0.5666907;-0.2221998;1.182613;-1.323496;-0.5297768;-0.774842;-0.2200915;-0.7813291;0.5840245;0.4092695;-0.7832112;-0.4680585;0.2;0;0;0;0.05;0;0;5.999993;41.99995;7.517768;9.164976;46
10;EpiduralSpace;47.01382;-0.5532523;-0.2289593;1.195568;-1.32744;-0.5441114;-0.7641443;-0.2200915;-0.7813291;0.5840245;0.4082073;-0.789264;-0.4587256;0.2;0;0;0;0.05;0;0;5.999993;41.99995;7.517768;9.164976;47
10;EpiduralSpace;47.94166;-0.5624611;-0.2310171;1.209493;-1.331437;-0.5586342;-0.7533059;-0.2200915;-0.7813291;0.5840245;0.4094763;-0.7916413;-0.453468;0.2;0;0;0;0.05;0;0;5.999993;41.99995;7.517768;9.164976;48
10;EpiduralSpace;48.87222;-0.5613418;-0.2318176;1.211381;-1.335445;-0.5731994;-0.7424354;-0.2200915;-0.7813291;0.5840245;0.4103202;-0.7929503;-0.4504077;0.2;0;0;0;0.05;0;0;5.999993;41.99995;7.517768;9.164976;49
11;DuraMater;49.95669;-0.5647358;-0.2335403;1.219804;-1.340117;-0.5901732;-0.7297671;-0.2200915;-0.7813291;0.5840245;0.4112673;-0.7966514;-0.4429512;0.2;0;0;0;0.05;0;0;14.99998;47.99995;19.71633;9.797857;50
