6;Body;0.5672805;0;0;0;-1.415945;0.03045207;-1.189735;-0.1140464;-0.3612761;0.9254583;0.1949775;0.9037333;0.3811166;1;1;0;0;0.001;0;0;2.999997;0;0;0;1
11;Body;1.59759;0.003256032;0.02312599;-0.02875099;-1.2129;0.07480741;-1.249418;-0.2522971;-0.402074;0.8801606;-0.06898155;0.9144132;0.3988611;1;1;0;0;0.001;0;0;2.999997;0;0;0;2
11;Body;3.248188;-0.02341152;0.05597403;-0.05141995;-1.221193;0.0615348;-1.220352;-0.2522971;-0.402074;0.8801606;-0.06795795;0.9147471;0.3982705;1;1;0;0;0.001;0;0;2.999997;0;0;0;3
11;Body;4.558414;-0.0380818;0.07624113;-0.06644208;-1.227776;0.05100004;-1.197279;-0.2522971;-0.402074;0.8801606;-0.05871163;0.9144331;0.400456;1;1;0;0;0.001;0;0;2.999997;0;0;0;5
11;SubcutaneousFat;5.756132;-0.02671317;0.0782683;-0.07539733;-1.233795;0.04137047;-1.176187;-0.2522971;-0.402074;0.8801606;-0.05031594;0.9105825;0.4102534;0.2;0;0;0;0.05;0;0;5.999993;2.999997;6.473199;5.870803;6
11;SubcutaneousFat;7.080405;-0.0006926687;0.03906984;-0.04497695;-1.240448;0.030723;-1.152867;-0.2522971;-0.402074;0.8801606;-0.03807343;0.8946089;0.445225;0.2;0;0;0;0.05;0;0;5.999993;2.999997;6.473199;5.870803;7
11;SubcutaneousFat;8.616188;-0.003594055;0.04655008;-0.05198057;-1.248164;0.01837467;-1.125822;-0.2522971;-0.402074;0.8801606;-0.03693585;0.8964202;0.4416633;0.2;0;0;0;0.05;0;0;5.999993;2.999997;6.473199;5.870803;9
11;SubcutaneousFat;9.864206;-0.04936892;0.07112746;-0.05394908;-1.254434;0.008340084;-1.103844;-0.2522971;-0.402074;0.8801606;-0.0372719;0.8979619;0.4384921;0.2;0;0;0;0.05;0;0;5.999993;2.999997;6.473199;5.870803;10
13;Muscle;11.27009;-0.05638488;0.131577;0.4513637;-1.261497;-0.002963493;-1.079086;-0.2522971;-0.402074;0.8801606;-0.05031732;0.8760825;0.4795285;0.8;0;0;0;0.05;0;0;3.999996;8.99999;18.26264;24.75508;11
13;Muscle;13.05273;-0.3552878;-0.2335809;0.477589;-1.270454;-0.01729665;-1.047694;-0.2522971;-0.402074;0.8801606;-0.05192838;0.8747591;0.4817676;0.8;0;0;0;0.05;0;0;3.999996;8.99999;18.26264;24.75508;13
13;Muscle;14.1646;-0.3213088;-0.2008694;0.4198651;-1.27604;-0.02623657;-1.028114;-0.2522971;-0.402074;0.8801606;-0.05216037;0.8745962;0.4820381;0.8;0;0;0;0.05;0;0;3.999996;8.99999;18.26264;24.75508;14
14;InterspinousLigament;16.17746;-0.140643;0.1609023;0.649982;-1.286153;-0.04242168;-0.9926685;-0.2522971;-0.402074;0.8801606;-0.06873395;0.8380439;0.5412561;0.2;0;0;0;0.05;0;0;25.99997;12.99999;16.67857;20.97192;16
14;InterspinousLigament;17.43331;-0.3380625;-0.1935532;0.4210954;-1.292462;-0.05251925;-0.970553;-0.2522971;-0.402074;0.8801606;-0.06949695;0.8371668;0.5425144;0.2;0;0;0;0.05;0;0;25.99997;12.99999;16.67857;20.97192;17
14;InterspinousLigament;18.74722;-0.3322557;-0.1600006;0.3787533;-1.299064;-0.06308358;-0.9474152;-0.2522971;-0.402074;0.8801606;-0.0708159;0.8391536;0.5392647;0.2;0;0;0;0.05;0;0;25.99997;12.99999;16.67857;20.97192;19
14;InterspinousLigament;20.61428;-0.418709;-0.09831785;0.3573062;-1.308444;-0.07809554;-0.9145364;-0.2522971;-0.402074;0.8801606;-0.07402561;0.8416742;0.5348876;0.2;0;0;0;0.05;0;0;25.99997;12.99999;16.67857;20.97192;21
14;InterspinousLigament;21.93246;-0.4411972;-0.08891026;0.3594374;-1.315068;-0.08869354;-0.8913233;-0.2522971;-0.402074;0.8801606;-0.0757862;0.8434765;0.531793;0.2;0;0;0;0.05;0;0;25.99997;12.99999;16.67857;20.97192;22
17;InterspinousLigament;31.41917;-0.2524797;0.1226586;0.3696714;-1.36273;-0.1649712;-0.7242631;-0.2522971;-0.402074;0.8801606;-0.09826965;0.8207768;0.5627332;0.2;0;0;0;0.05;0;0;25.99997;12.99999;16.67857;20.97192;31
17;InterspinousLigament;32.52474;-0.5318299;-0.08775563;0.4107198;-1.368285;-0.1738604;-0.7047942;-0.2522971;-0.402074;0.8801606;-0.09958186;0.8202231;0.5633094;0.2;0;0;0;0.05;0;0;25.99997;12.99999;16.67857;20.97192;33
17;InterspinousLigament;33.72836;-0.4849136;-0.02164622;0.3066927;-1.374331;-0.1835377;-0.6835982;-0.2522971;-0.402074;0.8801606;-0.1002815;0.8192201;0.5646433;0.2;0;0;0;0.05;0;0;25.99997;12.99999;16.67857;20.97192;34
17;InterspinousLigament;34.81509;-0.4559207;0.0580444;0.1972998;-1.379792;-0.192275;-0.664461;-0.2522971;-0.402074;0.8801606;-0.1017289;0.8179134;0.5662763;0.2;0;0;0;0.05;0;0;25.99997;12.99999;16.67857;20.97192;35
17;InterspinousLigament;35.82145;-0.4211855;0.003919;0.2399978;-1.384849;-0.200367;-0.6467394;-0.2522971;-0.402074;0.8801606;-0.1052535;0.8101545;0.57669;0.2;0;0;0;0.05;0;0;25.99997;12.99999;16.67857;20.97192;36
18;InterspinousLigament;37.07048;-0.3318514;-0.0320968;0.2299596;-1.391124;-0.2104104;-0.6247441;-0.2522971;-0.402074;0.8801606;-0.107818;0.8095145;0.5771149;0.2;0;0;0;0.05;0;0;25.99997;12.99999;16.67857;20.97192;37
18;InterspinousLigament;38.08141;-0.4045355;0.016776;0.2153977;-1.396203;-0.2185374;-0.6069415;-0.2522971;-0.402074;0.8801606;-0.1098494;0.8084974;0.5781567;0.2;0;0;0;0.05;0;0;25.99997;12.99999;16.67857;20.97192;38
18;InterspinousLigament;39.20979;-0.3986116;0.02179599;0.206126;-1.401872;-0.2276104;-0.5870708;-0.2522971;-0.402074;0.8801606;-0.112035;0.8054848;0.5819299;0.2;0;0;0;0.05;0;0;25.99997;12.99999;16.67857;20.97192;39
18;InterspinousLigament;40.36119;-0.3778014;0.03828253;0.1748949;-1.407657;-0.2368684;-0.5667948;-0.2522971;-0.402074;0.8801606;-0.1145123;0.8033358;0.584413;0.2;0;0;0;0.05;0;0;25.99997;12.99999;16.67857;20.97192;40
18;LigamentumFlavum;41.45759;-0.4232666;0.04749697;0.1905902;-1.413165;-0.2456843;-0.5474874;-0.2522971;-0.402074;0.8801606;-0.1191773;0.79977;0.5883576;0.2;0;0;0;0.05;0;0;2.999997;38.99996;58.35643;34.57008;41
19;LigamentumFlavum;42.48612;-0.3612195;0.004464338;0.2045455;-1.418333;-0.2539538;-0.529375;-0.2522971;-0.402074;0.8801606;-0.1205456;0.8010285;0.5863634;0.2;0;0;0;0.05;0;0;2.999997;38.99996;58.35643;34.57008;42
20;LigamentumFlavum;43.51106;-0.3739249;0.05423734;0.1541123;-1.423483;-0.2621943;-0.5113258;-0.2522971;-0.402074;0.8801606;-0.1250154;0.8005466;0.5860855;0.2;0;0;0;0.05;0;0;2.999997;38.99996;58.35643;34.57008;44
20;EpiduralSpace;44.53156;-0.394953;0.03429801;0.1894818;-1.42861;-0.2703997;-0.493355;-0.2522971;-0.402074;0.8801606;-0.1245207;0.8014826;0.5849104;0.2;0;0;0;0.05;0;0;5.999993;41.99995;7.800264;9.03282;45
23;DuraMater;51.0926;-0.5431911;-0.05137169;0.3649166;-1.461573;-0.3231536;-0.3778157;-0.2522971;-0.402074;0.8801606;-0.1356775;0.7925791;0.594483;0.2;0;0;0;0.05;0;0;14.99998;47.99995;23.561;17.5119;51
23;DuraMater;52.33907;-0.541229;0.06056023;0.243909;-1.467835;-0.3331759;-0.3558654;-0.2522971;-0.402074;0.8801606;-0.1361029;0.7941308;0.592311;0.2;0;0;0;0.05;0;0;14.99998;47.99995;23.561;17.5119;52
27;DuraMater;53.34885;-0.6151274;0.1560182;0.1759445;-1.472909;-0.3412944;-0.338083;-0.2522971;-0.402074;0.8801606;-0.1541747;0.7573522;0.6345453;0.2;0;0;0;0.05;0;0;14.99998;47.99995;23.561;17.5119;53
30;DuraMater;54.55608;-0.7153689;0.1794309;0.2069526;-1.478975;-0.3510003;-0.3168237;-0.2522971;-0.402074;0.8801606;-0.1506036;0.7683608;0.6220452;0.2;0;0;0;0.05;0;0;14.99998;47.99995;23.561;17.5119;55
31;DuraMater;55.64537;-0.6669882;0.128861;0.2375955;-1.484447;-0.3597585;-0.2976412;-0.2522971;-0.402074;0.8801606;-0.1512561;0.7706717;0.6190208;0.2;0;0;0;0.05;0;0;14.99998;47.99995;23.561;17.5119;56
