6;Body;3.038773;0;0;0;-1.196929;0.1544216;-1.226713;0.01027668;-0.09474239;0.9954488;0.4606239;0.8840182;0.07960767;0.98;0;1;1;0.05;1;1;2.999997;0;0;0;3;174.5;0.6;5.4;169.1
6;Body;4.964586;0.04352623;0.1933334;0.3053864;-1.201951;0.1444689;-1.188916;0.01027668;-0.09474239;0.9954488;0.460027;0.8850828;0.07073559;0.98;0;1;1;0.05;1;1;2.999997;0;0;0;5;174.5;0.6;5.4;169.1
6;Body;6.02325;-0.05660317;0.07419609;0.6126907;-1.201735;0.1424629;-1.167839;0.01027668;-0.09474239;0.9954488;0.4621511;0.8836408;0.07480139;0.98;0;1;1;0.05;1;1;2.999997;0;0;0;6;174.5;0.6;5.4;169.1
7;SubcutaneousFat;7.108674;-0.1609009;0.02353138;0.9327989;-1.20151;0.1404061;-1.14623;0.01027668;-0.09474239;0.9954488;0.4638035;0.8815053;0.08851405;0.98;0;1;1;0.05;1;1;5.999993;2.999997;6.192524;6.914932;7;174.5;0.6;5.4;169.1
7;SubcutaneousFat;8.188365;-0.3127361;-0.003658028;1.254193;-1.201288;0.1383603;-1.124734;0.01027668;-0.09474239;0.9954488;0.4635213;0.8802615;0.1014282;0.98;0;1;1;0.05;1;1;5.999993;2.999997;6.192524;6.914932;8;174.5;0.6;5.4;169.1
8;SubcutaneousFat;9.21415;-0.3980801;0.07666157;1.516491;-1.201077;0.1364179;-1.104312;0.01027668;-0.09474239;0.9954488;0.4551345;0.8827822;0.1163971;0.98;0;1;1;0.05;1;1;5.999993;2.999997;6.192524;6.914932;9;174.5;0.6;5.4;169.1
8;SubcutaneousFat;10.22621;-0.4458196;0.1795368;1.807245;-1.200869;0.1345002;-1.084163;0.01027668;-0.09474239;0.9954488;0.4455377;0.8870025;0.1213374;0.98;0;1;1;0.05;1;1;5.999993;2.999997;6.192524;6.914932;10;174.5;0.6;5.4;169.1
8;SubcutaneousFat;11.26228;-0.3913323;0.2791952;2.070668;-1.200658;0.1325369;-1.063535;0.01027668;-0.09474239;0.9954488;0.442782;0.8886237;0.1195488;0.98;0;1;1;0.05;1;1;5.999993;2.999997;6.192524;6.914932;11;174.5;0.6;5.4;169.1
9;Muscle;13.73403;-0.4531615;0.248452;2.828886;-1.200148;0.1278533;-1.014325;0.01027668;-0.09474239;0.9954488;0.4309029;0.8938526;0.123896;0.98;0;1;1;0.05;1;1;3.999996;8.99999;28.61807;25.16482;14;174.5;0.6;5.4;169.1
10;Muscle;14.76914;-0.4554459;0.2178756;3.117746;-1.199937;0.125892;-0.9937174;0.01027668;-0.09474239;0.9954488;0.4212233;0.8965248;0.137165;0.98;0;1;1;0.05;1;1;3.999996;8.99999;28.61807;25.16482;15;174.5;0.6;5.4;169.1
10;Muscle;15.80738;-0.5612427;0.1905871;3.438421;-1.199723;0.1239247;-0.9730471;0.01027668;-0.09474239;0.9954488;0.4098097;0.8986275;0.1566033;0.98;0;1;1;0.05;1;1;3.999996;8.99999;28.61807;25.16482;16;174.5;0.6;5.4;169.1
11;InterspinousLigament;17.11959;-0.685653;0.2534858;3.81551;-1.199454;0.1214382;-0.9469223;0.01027668;-0.09474239;0.9954488;0.4043818;0.9007557;0.1584756;0.98;0;1;1;0.05;1;1;25.99997;12.99999;23.31068;14.30793;17;174.5;0.6;5.4;169.1
11;InterspinousLigament;18.41048;-0.7126107;0.3788325;4.17558;-1.199188;0.1189922;-0.9212221;0.01027668;-0.09474239;0.9954488;0.4021142;0.9024531;0.1545401;0.98;0;1;1;0.05;1;1;25.99997;12.99999;23.31068;14.30793;18;174.5;0.6;5.4;169.1
11;InterspinousLigament;19.48431;-0.7704176;0.3073804;4.488733;-1.198968;0.1169575;-0.8998432;0.01027668;-0.09474239;0.9954488;0.3997231;0.9029041;0.1580684;0.98;0;1;1;0.05;1;1;25.99997;12.99999;23.31068;14.30793;19;174.5;0.6;5.4;169.1
11;InterspinousLigament;20.82187;-0.8978;0.369995;4.873233;-1.198693;0.1144231;-0.8732136;0.01027668;-0.09474239;0.9954488;0.3934921;0.9053977;0.1594333;0.98;0;1;1;0.05;1;1;25.99997;12.99999;23.31068;14.30793;21;174.5;0.6;5.4;169.1
11;InterspinousLigament;22.29269;-1.058693;0.2659776;5.358889;-1.198389;0.1116361;-0.8439312;0.01027668;-0.09474239;0.9954488;0.3881164;0.9063694;0.1669137;0.98;0;1;1;0.05;1;1;25.99997;12.99999;23.31068;14.30793;22;174.5;0.6;5.4;169.1
11;InterspinousLigament;23.31956;-1.160756;0.1537825;5.666967;-1.198179;0.1096903;-0.8234874;0.01027668;-0.09474239;0.9954488;0.3857912;0.90671;0.1704175;0.98;0;1;1;0.05;1;1;25.99997;12.99999;23.31068;14.30793;23;174.5;0.6;5.4;169.1
11;InterspinousLigament;24.38713;-1.244477;0.2737143;5.919668;-1.197959;0.1076662;-0.8022332;0.01027668;-0.09474239;0.9954488;0.3816733;0.9083335;0.1710431;0.98;0;1;1;0.05;1;1;25.99997;12.99999;23.31068;14.30793;24;174.5;0.6;5.4;169.1
11;InterspinousLigament;25.53232;-1.367123;0.2080754;6.289877;-1.197725;0.1054961;-0.7794335;0.01027668;-0.09474239;0.9954488;0.3847799;0.9062536;0.1750682;0.98;0;1;1;0.05;1;1;25.99997;12.99999;23.31068;14.30793;26;174.5;0.6;5.4;169.1
11;InterspinousLigament;26.98939;-1.450889;0.4181699;6.677979;-1.197425;0.1027365;-0.7504247;0.01027668;-0.09474239;0.9954488;0.382908;0.907973;0.1701955;0.98;0;1;1;0.05;1;1;25.99997;12.99999;23.31068;14.30793;27;174.5;0.6;5.4;169.1
12;InterspinousLigament;28.50312;-1.591917;0.6082116;7.103088;-1.197114;0.0998682;-0.7202878;0.01027668;-0.09474239;0.9954488;0.3765094;0.9107368;0.1697032;0.98;0;1;1;0.05;1;1;25.99997;12.99999;23.31068;14.30793;29;174.5;0.6;5.4;169.1
12;InterspinousLigament;29.57134;-1.666494;0.8082405;7.327887;-1.196894;0.09784294;-0.6990209;0.01027668;-0.09474239;0.9954488;0.3734385;0.9122114;0.1685644;0.98;0;1;1;0.05;1;1;25.99997;12.99999;23.31068;14.30793;30;174.5;0.6;5.4;169.1
12;InterspinousLigament;30.60188;-1.708166;0.9036502;7.587348;-1.196682;0.09588952;-0.678504;0.01027668;-0.09474239;0.9954488;0.3725017;0.9117104;0.1732816;0.98;0;1;1;0.05;1;1;25.99997;12.99999;23.31068;14.30793;31;174.5;0.6;5.4;169.1
12;InterspinousLigament;31.8557;-1.74573;1.107806;7.96683;-1.196424;0.0935154;-0.6535415;0.01027668;-0.09474239;0.9954488;0.3635537;0.9147079;0.1764602;0.98;0;1;1;0.05;1;1;25.99997;12.99999;23.31068;14.30793;32;174.5;0.6;5.4;169.1
12;InterspinousLigament;32.99664;-1.780605;1.429919;8.204099;-1.19619;0.09135257;-0.6308267;0.01027668;-0.09474239;0.9954488;0.3624004;0.9160157;0.1719916;0.98;0;1;1;0.05;1;1;25.99997;12.99999;23.31068;14.30793;33;174.5;0.6;5.4;169.1
12;InterspinousLigament;34.1607;-1.84107;1.463068;8.517346;-1.195951;0.08914628;-0.6076515;0.01027668;-0.09474239;0.9954488;0.3603597;0.9149928;0.1814636;0.98;0;1;1;0.05;1;1;25.99997;12.99999;23.31068;14.30793;34;174.5;0.6;5.4;169.1
12;InterspinousLigament;35.24338;-1.948957;1.352326;8.840336;-1.195728;0.08709563;-0.5860964;0.01027668;-0.09474239;0.9954488;0.3567266;0.9152094;0.1874514;0.98;0;1;1;0.05;1;1;25.99997;12.99999;23.31068;14.30793;35;174.5;0.6;5.4;169.1
13;InterspinousLigament;36.44658;-2.015343;1.448184;9.170027;-1.195481;0.08481462;-0.562142;0.01027668;-0.09474239;0.9954488;0.3518534;0.9165766;0.1899644;0.98;0;1;1;0.05;1;1;25.99997;12.99999;23.31068;14.30793;36;174.5;0.6;5.4;169.1
13;InterspinousLigament;37.5568;-2.077947;1.48139;9.487571;-1.195253;0.08271164;-0.5400386;0.01027668;-0.09474239;0.9954488;0.3520475;0.9160757;0.19201;0.98;0;1;1;0.05;1;1;25.99997;12.99999;23.31068;14.30793;38;174.5;0.6;5.4;169.1
13;InterspinousLigament;38.67175;-2.186061;1.494756;9.810347;-1.195023;0.08059942;-0.5178412;0.01027668;-0.09474239;0.9954488;0.3508605;0.9157204;0.1958394;0.98;0;1;1;0.05;1;1;25.99997;12.99999;23.31068;14.30793;39;174.5;0.6;5.4;169.1
13;InterspinousLigament;39.7928;-2.258392;1.732866;10.15562;-1.194793;0.07847513;-0.4955222;0.01027668;-0.09474239;0.9954488;0.3493185;0.9172816;0.1912357;0.98;0;1;1;0.05;1;1;25.99997;12.99999;23.31068;14.30793;40;174.5;0.6;5.4;169.1
13;InterspinousLigament;40.83253;-2.340098;1.762724;10.39923;-1.19458;0.0765062;-0.4748219;0.01027668;-0.09474239;0.9954488;0.3474128;0.9177523;0.1924449;0.98;0;1;1;0.05;1;1;25.99997;12.99999;23.31068;14.30793;41;174.5;0.6;5.4;169.1
13;InterspinousLigament;41.83346;-2.382881;1.833033;10.65528;-1.194374;0.07460824;-0.4548946;0.01027668;-0.09474239;0.9954488;0.344571;0.9185189;0.1938913;0.98;0;1;1;0.05;1;1;25.99997;12.99999;23.31068;14.30793;42;174.5;0.6;5.4;169.1
14;LigamentumFlavum;42.83885;-2.481141;1.925113;10.94784;-1.194167;0.07270391;-0.4348782;0.01027668;-0.09474239;0.9954488;0.3434732;0.9191533;0.1928297;0.98;0;1;1;0.05;1;1;2.999997;38.99996;50.06824;34.46682;43;174.5;0.6;5.4;169.1
14;LigamentumFlavum;43.86208;-2.573618;2.076545;11.22319;-1.193958;0.070764;-0.4145068;0.01027668;-0.09474239;0.9954488;0.3417417;0.9183145;0.1997778;0.98;0;1;1;0.05;1;1;2.999997;38.99996;50.06824;34.46682;44;174.5;0.6;5.4;169.1
14;LigamentumFlavum;44.91413;-2.584418;2.206531;11.50977;-1.193741;0.06877178;-0.3935616;0.01027668;-0.09474239;0.9954488;0.3402781;0.9180587;0.2034184;0.98;0;1;1;0.05;1;1;2.999997;38.99996;50.06824;34.46682;45;174.5;0.6;5.4;169.1
14;EpiduralSpace;45.92999;-2.668065;2.235174;11.75815;-1.193532;0.06684587;-0.373337;0.01027668;-0.09474239;0.9954488;0.3370571;0.916333;0.2161629;0.98;0;1;1;0.05;1;1;5.999993;41.99995;8.221585;7.409635;46;174.5;0.6;5.4;169.1
15;EpiduralSpace;46.97953;-2.781215;2.166815;12.09413;-1.193316;0.064858;-0.3524416;0.01027668;-0.09474239;0.9954488;0.3381864;0.9151554;0.2193642;0.98;0;1;1;0.05;1;1;5.999993;41.99995;8.221585;7.409635;47;174.5;0.6;5.4;169.1
16;EpiduralSpace;48.18812;-3.000276;2.002799;12.49352;-1.193069;0.06256673;-0.32838;0.01027668;-0.09474239;0.9954488;0.3352934;0.9167068;0.2173177;0.98;0;1;1;0.05;1;1;5.999993;41.99995;8.221585;7.409635;48;174.5;0.6;5.4;169.1
17;EpiduralSpace;49.42664;-3.060708;2.330887;12.79889;-1.192813;0.06021999;-0.3037223;0.01027668;-0.09474239;0.9954488;0.3311164;0.9188846;0.2145066;0.98;0;1;1;0.05;1;1;5.999993;41.99995;8.221585;7.409635;49;174.5;0.6;5.4;169.1
17;EpiduralSpace;50.44076;-3.126481;2.574841;12.99446;-1.192605;0.05829862;-0.2835322;0.01027668;-0.09474239;0.9954488;0.3268461;0.9201965;0.2154298;0.98;0;1;1;0.05;1;1;5.999993;41.99995;8.221585;7.409635;50;174.5;0.6;5.4;169.1
17;EpiduralSpace;51.45222;-3.266787;2.584362;13.28704;-1.192397;0.05638215;-0.263395;0.01027668;-0.09474239;0.9954488;0.3273551;0.9183367;0.2224776;0.98;0;1;1;0.05;1;1;5.999993;41.99995;8.221585;7.409635;51;174.5;0.6;5.4;169.1
17;DuraMater;52.48887;-3.356404;2.78922;13.55386;-1.192183;0.05441767;-0.2427563;0.01027668;-0.09474239;0.9954488;0.326867;0.9191744;0.219719;0.98;0;1;1;0.05;1;1;14.99998;47.99995;20.12779;11.96973;52;174.5;0.6;5.4;169.1
17;DuraMater;53.49095;-3.454515;2.738937;13.84598;-1.191977;0.05251854;-0.2228061;0.01027668;-0.09474239;0.9954488;0.3221283;0.921128;0.2185326;0.98;0;1;1;0.05;1;1;14.99998;47.99995;20.12779;11.96973;53;174.5;0.6;5.4;169.1
17;DuraMater;54.61132;-3.563091;2.846139;14.16926;-1.191748;0.05039618;-0.2005005;0.01027668;-0.09474239;0.9954488;0.32288;0.9206572;0.2194056;0.98;0;1;1;0.05;1;1;14.99998;47.99995;20.12779;11.96973;55;174.5;0.6;5.4;169.1
18;DuraMater;55.6506;-3.667946;2.777269;14.48145;-1.191535;0.04842783;-0.1798095;0.01027668;-0.09474239;0.9954488;0.3199055;0.9193402;0.2290722;0.98;0;1;1;0.05;1;1;14.99998;47.99995;20.12779;11.96973;56;174.5;0.6;5.4;169.1
18;DuraMater;56.67693;-3.760495;2.824187;14.75701;-1.191323;0.04648279;-0.1593763;0.01027668;-0.09474239;0.9954488;0.3182397;0.9204029;0.2271168;0.98;0;1;1;0.05;1;1;14.99998;47.99995;20.12779;11.96973;57;174.5;0.6;5.4;169.1
18;DuraMater;57.97464;-3.893745;2.932262;15.15375;-1.191056;0.04402355;-0.1335403;0.01027668;-0.09474239;0.9954488;0.3145284;0.9217454;0.2268419;0.98;0;1;1;0.05;1;1;14.99998;47.99995;20.12779;11.96973;58;174.5;0.6;5.4;169.1
18;DuraMater;59.03059;-3.944292;2.997298;15.42611;-1.190839;0.04202285;-0.1125174;0.01027668;-0.09474239;0.9954488;0.315461;0.9211567;0.2279356;0.98;0;1;1;0.05;1;1;14.99998;47.99995;20.12779;11.96973;59;174.5;0.6;5.4;169.1
18;DuraMater;60.23502;-4.056253;2.987234;15.75901;-1.190591;0.03973939;-0.08853854;0.01027668;-0.09474239;0.9954488;0.3144018;0.9214834;0.2280788;0.98;0;1;1;0.05;1;1;14.99998;47.99995;20.12779;11.96973;60;174.5;0.6;5.4;169.1
18;DuraMater;61.26831;-4.14913;3.186042;16.03517;-1.19038;0.0377813;-0.06796674;0.01027668;-0.09474239;0.9954488;0.3106388;0.9228615;0.2276627;0.98;0;1;1;0.05;1;1;14.99998;47.99995;20.12779;11.96973;61;174.5;0.6;5.4;169.1
18;DuraMater;62.37231;-4.199969;3.402313;16.30686;-1.190152;0.03569128;-0.045987;0.01027668;-0.09474239;0.9954488;0.3087422;0.9234532;0.2278431;0.98;0;1;1;0.05;1;1;14.99998;47.99995;20.12779;11.96973;62;174.5;0.6;5.4;169.1
19;DuraMater;63.61949;-4.29919;3.694043;16.60148;-1.189897;0.03332646;-0.02115708;0.01027668;-0.09474239;0.9954488;0.3070577;0.9239004;0.228306;0.98;0;1;1;0.05;1;1;14.99998;47.99995;20.12779;11.96973;64;174.5;0.6;5.4;169.1
19;DuraMater;64.70173;-4.315377;3.869699;16.8888;-1.189674;0.03127521;0.0003889964;0.01027668;-0.09474239;0.9954488;0.3069703;0.9247426;0.2249896;0.98;0;1;1;0.05;1;1;14.99998;47.99995;20.12779;11.96973;65;174.5;0.6;5.4;169.1
