6;Body;1.54364;0;0;0;-0.9876631;-0.02931134;-1.257675;-0.3300894;-0.6921493;0.6418492;0.3386487;-0.7239708;-0.6009852;0.1;0.1;0;0;0.001;0;0;2.999997;0;0;0;2
6;Body;2.653005;-0.0710362;0.006324001;0.05685874;-1.008464;-0.05113427;-1.257299;-0.3300894;-0.6921493;0.6418492;0.3413785;-0.7317263;-0.5899469;0.1;0.1;0;0;0.001;0;0;2.999997;0;0;0;3
6;Body;3.655942;-0.09457695;-0.006043869;0.1152607;-1.01508;-0.0650004;-1.244403;-0.3300894;-0.6921493;0.6418492;0.3425779;-0.7391475;-0.5799149;0.1;0.1;0;0;0.001;0;0;2.999997;0;0;0;4
6;Body;4.746838;-0.1318911;-0.01013894;0.1654139;-1.022275;-0.08008256;-1.230375;-0.3300894;-0.6921493;0.6418492;0.3459374;-0.7441201;-0.5715004;0.1;0.1;0;0;0.001;0;0;2.999997;0;0;0;5
6;SubcutaneousFat;5.76696;-0.1559406;-0.03460591;0.2574389;-1.029004;-0.09418629;-1.217258;-0.3300894;-0.6921493;0.6418492;0.3525157;-0.7436407;-0.5680943;0.2;0;0;0;0.05;0;0;5.999993;2.999997;6.720061;5.210536;6
6;SubcutaneousFat;7.039474;-0.1547982;-0.04433815;0.282865;-1.037398;-0.1117794;-1.200895;-0.3300894;-0.6921493;0.6418492;0.3540971;-0.745773;-0.564303;0.2;0;0;0;0.05;0;0;5.999993;2.999997;6.720061;5.210536;7
7;SubcutaneousFat;8.785152;-0.2180456;-0.04951284;0.3777502;-1.048912;-0.1359143;-1.178447;-0.3300894;-0.6921493;0.6418492;0.3587861;-0.7487707;-0.5573284;0.2;0;0;0;0.05;0;0;5.999993;2.999997;6.720061;5.210536;9
7;SubcutaneousFat;9.953168;-0.2020827;-0.05006669;0.3478947;-1.056615;-0.1520626;-1.163427;-0.3300894;-0.6921493;0.6418492;0.3652107;-0.7433646;-0.560384;0.2;0;0;0;0.05;0;0;5.999993;2.999997;6.720061;5.210536;10
7;SubcutaneousFat;10.98169;-0.2314773;-0.05219615;0.3844044;-1.063399;-0.1662825;-1.150202;-0.3300894;-0.6921493;0.6418492;0.3757815;-0.7312678;-0.5692414;0.2;0;0;0;0.05;0;0;5.999993;2.999997;6.720061;5.210536;11
7;Muscle;11.99535;-0.2561317;-0.05333834;0.4132653;-1.070086;-0.1802973;-1.137168;-0.3300894;-0.6921493;0.6418492;0.3802578;-0.7285701;-0.5697277;0.8;0;0;0;0.05;0;0;3.999996;8.99999;15.31106;12.36297;12
7;Muscle;13.03909;-0.299138;-0.06142686;0.4802831;-1.07697;-0.1947275;-1.123747;-0.3300894;-0.6921493;0.6418492;0.3861984;-0.7285647;-0.5657246;0.8;0;0;0;0.05;0;0;3.999996;8.99999;15.31106;12.36297;13
7;Muscle;14.2847;-0.3219116;-0.06501096;0.5138589;-1.085186;-0.2119485;-1.10773;-0.3300894;-0.6921493;0.6418492;0.3892329;-0.7293782;-0.5625879;0.8;0;0;0;0.05;0;0;3.999996;8.99999;15.31106;12.36297;14
7;Muscle;15.35019;-0.356787;-0.0619809;0.5419788;-1.092215;-0.2266795;-1.094029;-0.3300894;-0.6921493;0.6418492;0.3951473;-0.722672;-0.5671011;0.8;0;0;0;0.05;0;0;3.999996;8.99999;15.31106;12.36297;15
8;Muscle;16.42659;-0.3937838;-0.06897251;0.5997223;-1.099314;-0.2415614;-1.080188;-0.3300894;-0.6921493;0.6418492;0.4019174;-0.7150715;-0.5719573;0.8;0;0;0;0.05;0;0;3.999996;8.99999;15.31106;12.36297;16
9;Muscle;17.52512;-0.4577601;-0.1596799;0.9146029;-1.10656;-0.2567492;-1.066062;-0.3300894;-0.6921493;0.6418492;0.4082751;-0.7252974;-0.554306;0.8;0;0;0;0.05;0;0;3.999996;8.99999;15.31106;12.36297;18
9;InterspinousLigament;18.55322;-0.4227647;-0.1891622;0.9587076;-1.113342;-0.2709629;-1.052842;-0.3300894;-0.6921493;0.6418492;0.405339;-0.7306157;-0.5494551;0.2;0;0;0;0.05;0;0;25.99997;12.99999;15.87082;23.67849;19
9;InterspinousLigament;19.72733;-0.4135617;-0.2160579;1.022663;-1.121086;-0.2871956;-1.037744;-0.3300894;-0.6921493;0.6418492;0.4032322;-0.7420771;-0.5354676;0.2;0;0;0;0.05;0;0;25.99997;12.99999;15.87082;23.67849;20
9;InterspinousLigament;20.72734;-0.4138464;-0.2273175;1.053759;-1.127683;-0.3010215;-1.024886;-0.3300894;-0.6921493;0.6418492;0.4028566;-0.7480976;-0.5273107;0.2;0;0;0;0.05;0;0;25.99997;12.99999;15.87082;23.67849;21
9;InterspinousLigament;21.73639;-0.4039351;-0.2408337;1.080379;-1.134338;-0.3149716;-1.01191;-0.3300894;-0.6921493;0.6418492;0.4016494;-0.7538486;-0.5199905;0.2;0;0;0;0.05;0;0;25.99997;12.99999;15.87082;23.67849;22
9;InterspinousLigament;22.92494;-0.4231219;-0.2430874;1.106573;-1.142177;-0.3314044;-0.9966272;-0.3300894;-0.6921493;0.6418492;0.4011785;-0.7643283;-0.5048347;0.2;0;0;0;0.05;0;0;25.99997;12.99999;15.87082;23.67849;23
9;InterspinousLigament;23.9713;-0.4494179;-0.2470837;1.144953;-1.149079;-0.3458703;-0.9831718;-0.3300894;-0.6921493;0.6418492;0.4028748;-0.7685771;-0.496972;0.2;0;0;0;0.05;0;0;25.99997;12.99999;15.87082;23.67849;24
10;InterspinousLigament;25.04263;-0.4790557;-0.2490141;1.181172;-1.156146;-0.360682;-0.9693958;-0.3300894;-0.6921493;0.6418492;0.4050162;-0.7731527;-0.488054;0.2;0;0;0;0.05;0;0;25.99997;12.99999;15.87082;23.67849;25
10;InterspinousLigament;26.21709;-0.4833093;-0.2568171;1.206956;-1.163893;-0.3769199;-0.9542942;-0.3300894;-0.6921493;0.6418492;0.4052764;-0.7770813;-0.4815556;0.2;0;0;0;0.05;0;0;25.99997;12.99999;15.87082;23.67849;26
10;InterspinousLigament;27.57853;-0.473849;-0.2666157;1.22388;-1.172873;-0.3957423;-0.9367872;-0.3300894;-0.6921493;0.6418492;0.4046424;-0.7813594;-0.4751232;0.2;0;0;0;0.05;0;0;25.99997;12.99999;15.87082;23.67849;28
10;InterspinousLigament;28.62835;-0.4831007;-0.2671072;1.234883;-1.179797;-0.4102565;-0.9232878;-0.3300894;-0.6921493;0.6418492;0.4047941;-0.7865622;-0.4663279;0.2;0;0;0;0.05;0;0;25.99997;12.99999;15.87082;23.67849;29
10;InterspinousLigament;29.78765;-0.4990144;-0.2700933;1.259662;-1.187444;-0.4262851;-0.9083812;-0.3300894;-0.6921493;0.6418492;0.4059362;-0.7898011;-0.4598152;0.2;0;0;0;0.05;0;0;25.99997;12.99999;15.87082;23.67849;30
10;InterspinousLigament;31.00217;-0.5163292;-0.2716007;1.281859;-1.195456;-0.443076;-0.8927639;-0.3300894;-0.6921493;0.6418492;0.4070767;-0.794704;-0.45026;0.2;0;0;0;0.05;0;0;25.99997;12.99999;15.87082;23.67849;31
10;InterspinousLigament;32.07126;-0.5304978;-0.2693937;1.290614;-1.202506;-0.4578565;-0.8790158;-0.3300894;-0.6921493;0.6418492;0.4082392;-0.7975345;-0.4441615;0.2;0;0;0;0.05;0;0;25.99997;12.99999;15.87082;23.67849;32
10;InterspinousLigament;33.21412;-0.5347114;-0.2693448;1.294879;-1.210045;-0.4736577;-0.8643208;-0.3300894;-0.6921493;0.6418492;0.4086272;-0.8003562;-0.4386955;0.2;0;0;0;0.05;0;0;25.99997;12.99999;15.87082;23.67849;33
11;InterspinousLigament;34.21414;-0.5365917;-0.2769126;1.317542;-1.216641;-0.4874832;-0.8514617;-0.3300894;-0.6921493;0.6418492;0.4087397;-0.8042628;-0.4313852;0.2;0;0;0;0.05;0;0;25.99997;12.99999;15.87082;23.67849;34
11;LigamentumFlavum;35.44609;-0.5484671;-0.271863;1.316125;-1.224767;-0.5045153;-0.8356203;-0.3300894;-0.6921493;0.6418492;0.4099573;-0.8069062;-0.4252498;0.2;0;0;0;0.05;0;0;2.999997;38.99996;52.05856;42.85835;35
11;LigamentumFlavum;36.56683;-0.5530643;-0.264417;1.300558;-1.232159;-0.5200108;-0.821209;-0.3300894;-0.6921493;0.6418492;0.4105707;-0.8084396;-0.4217312;0.2;0;0;0;0.05;0;0;2.999997;38.99996;52.05856;42.85835;37
11;LigamentumFlavum;37.72517;-0.5570198;-0.2600738;1.29281;-1.2398;-0.536025;-0.8063143;-0.3300894;-0.6921493;0.6418492;0.4113103;-0.8100532;-0.4178966;0.2;0;0;0;0.05;0;0;2.999997;38.99996;52.05856;42.85835;38
11;EpiduralSpace;38.87646;-0.5522533;-0.2601351;1.288004;-1.247393;-0.5519426;-0.7915104;-0.3300894;-0.6921493;0.6418492;0.4112153;-0.8118117;-0.4145644;0.2;0;0;0;0.05;0;0;5.999993;41.99995;7.89889;8.958633;39
11;EpiduralSpace;39.88853;-0.5597597;-0.2559627;1.284426;-1.25407;-0.5659343;-0.7784964;-0.3300894;-0.6921493;0.6418492;0.4118754;-0.8137463;-0.4100921;0.2;0;0;0;0.05;0;0;5.999993;41.99995;7.89889;8.958633;40
11;EpiduralSpace;40.9188;-0.5522749;-0.2506624;1.262113;-1.260864;-0.5801786;-0.7652478;-0.3300894;-0.6921493;0.6418492;0.4108498;-0.8172074;-0.4041961;0.2;0;0;0;0.05;0;0;5.999993;41.99995;7.89889;8.958633;41
13;EpiduralSpace;42.01267;-0.5446607;-0.2149875;1.156595;-1.26808;-0.5953023;-0.7511827;-0.3300894;-0.6921493;0.6418492;0.4094556;-0.8174413;-0.4051366;0.2;0;0;0;0.05;0;0;5.999993;41.99995;7.89889;8.958633;42
15;DuraMater;43.03179;-0.5468063;-0.2207352;1.174552;-1.274803;-0.6093911;-0.7380776;-0.3300894;-0.6921493;0.6418492;0.4097532;-0.8195396;-0.400571;0.2;0;0;0;0.05;0;0;14.99998;47.99995;10.07802;14.8376;43
15;DuraMater;44.11826;-0.5750003;-0.2212388;1.205363;-1.281969;-0.6244131;-0.7241074;-0.3300894;-0.6921493;0.6418492;0.4120703;-0.821943;-0.3932019;0.2;0;0;0;0.05;0;0;14.99998;47.99995;10.07802;14.8376;44
15;DuraMater;45.13974;-0.5946077;-0.2161628;1.211943;-1.288705;-0.6385352;-0.7109714;-0.3300894;-0.6921493;0.6418492;0.4140221;-0.823348;-0.38818;0.2;0;0;0;0.05;0;0;14.99998;47.99995;10.07802;14.8376;45
15;DuraMater;46.15525;-0.5988151;-0.2129885;1.207657;-1.295405;-0.6525749;-0.6979135;-0.3300894;-0.6921493;0.6418492;0.4147027;-0.8245333;-0.3849241;0.2;0;0;0;0.05;0;0;14.99998;47.99995;10.07802;14.8376;46
15;DuraMater;47.17573;-0.6092902;-0.2061948;1.200012;-1.302135;-0.6666844;-0.6847918;-0.3300894;-0.6921493;0.6418492;0.4169879;-0.8253402;-0.3807029;0.2;0;0;0;0.05;0;0;14.99998;47.99995;10.07802;14.8376;47
15;DuraMater;48.18865;-0.621935;-0.2041862;1.207717;-1.308816;-0.6806884;-0.6717668;-0.3300894;-0.6921493;0.6418492;0.4170425;-0.8271802;-0.3766278;0.2;0;0;0;0.05;0;0;14.99998;47.99995;10.07802;14.8376;48
16;DuraMater;49.20329;-0.6323105;-0.1998495;1.206688;-1.315509;-0.6947163;-0.6587201;-0.3300894;-0.6921493;0.6418492;0.4182221;-0.8280043;-0.3734959;0.2;0;0;0;0.05;0;0;14.99998;47.99995;10.07802;14.8376;49
16;DuraMater;50.30996;-0.6241105;-0.200377;1.199569;-1.322809;-0.7100164;-0.6444891;-0.3300894;-0.6921493;0.6418492;0.418277;-0.8293567;-0.3704212;0.2;0;0;0;0.05;0;0;14.99998;47.99995;10.07802;14.8376;50
16;DuraMater;51.55199;-0.6341643;-0.1931506;1.190299;-1.331002;-0.7271875;-0.628518;-0.3300894;-0.6921493;0.6418492;0.4189003;-0.8319774;-0.3637804;0.2;0;0;0;0.05;0;0;14.99998;47.99995;10.07802;14.8376;52
16;DuraMater;52.63387;-0.6354852;-0.189467;1.181605;-1.338138;-0.7421449;-0.6146062;-0.3300894;-0.6921493;0.6418492;0.4192203;-0.8328258;-0.361463;0.2;0;0;0;0.05;0;0;14.99998;47.99995;10.07802;14.8376;53
16;DuraMater;53.71484;-0.6483027;-0.1847505;1.182081;-1.345268;-0.7570899;-0.6007064;-0.3300894;-0.6921493;0.6418492;0.4201263;-0.8350899;-0.3551319;0.2;0;0;0;0.05;0;0;14.99998;47.99995;10.07802;14.8376;54
16;DuraMater;54.74958;-0.6603208;-0.1837375;1.191855;-1.352093;-0.7713959;-0.5874007;-0.3300894;-0.6921493;0.6418492;0.4217666;-0.8359942;-0.3510364;0.2;0;0;0;0.05;0;0;14.99998;47.99995;10.07802;14.8376;55
16;DuraMater;55.89078;-0.6561773;-0.1830793;1.185733;-1.359621;-0.7871737;-0.5727269;-0.3300894;-0.6921493;0.6418492;0.421928;-0.8379433;-0.3461615;0.2;0;0;0;0.05;0;0;14.99998;47.99995;10.07802;14.8376;56
17;DuraMater;56.9473;-0.6565646;-0.1809918;1.180429;-1.36659;-0.8017801;-0.5591409;-0.3300894;-0.6921493;0.6418492;0.4220501;-0.8393655;-0.3425483;0.2;0;0;0;0.05;0;0;14.99998;47.99995;10.07802;14.8376;57
17;DuraMater;57.95725;-0.6418557;-0.1876229;1.183208;-1.37325;-0.8157434;-0.5461539;-0.3300894;-0.6921493;0.6418492;0.4229239;-0.8398955;-0.3401631;0.2;0;0;0;0.05;0;0;14.99998;47.99995;10.07802;14.8376;58
17;DuraMater;59.08721;-0.6624908;-0.1834648;1.193376;-1.380704;-0.831366;-0.5316243;-0.3300894;-0.6921493;0.6418492;0.4231164;-0.8425103;-0.3333898;0.2;0;0;0;0.05;0;0;14.99998;47.99995;10.07802;14.8376;59
17;DuraMater;60.16496;-0.6927444;-0.1781793;1.210509;-1.387813;-0.8462669;-0.5177667;-0.3300894;-0.6921493;0.6418492;0.4255202;-0.8448801;-0.3242071;0.2;0;0;0;0.05;0;0;14.99998;47.99995;10.07802;14.8376;60
17;DuraMater;61.2463;-0.6886763;-0.183914;1.221946;-1.394946;-0.8612162;-0.5038613;-0.3300894;-0.6921493;0.6418492;0.4272616;-0.8455867;-0.320048;0.2;0;0;0;0.05;0;0;14.99998;47.99995;10.07802;14.8376;61
17;DuraMater;62.31869;-0.7041692;-0.1788407;1.224236;-1.402018;-0.8760428;-0.4900713;-0.3300894;-0.6921493;0.6418492;0.4287918;-0.8467897;-0.3147776;0.2;0;0;0;0.05;0;0;14.99998;47.99995;10.07802;14.8376;62
18;DuraMater;63.42162;-0.7113775;-0.1757697;1.223367;-1.409294;-0.8912913;-0.4758895;-0.3300894;-0.6921493;0.6418492;0.4296816;-0.8474884;-0.3116684;0.2;0;0;0;0.05;0;0;14.99998;47.99995;10.07802;14.8376;63
18;DuraMater;64.42798;-0.7206308;-0.1705322;1.218703;-1.415931;-0.9052054;-0.4629495;-0.3300894;-0.6921493;0.6418492;0.4303994;-0.8493128;-0.3056536;0.2;0;0;0;0.05;0;0;14.99998;47.99995;10.07802;14.8376;64
