22;SubcutaneousFat;3.141242;0;0;0;-1.549489;-0.08111588;-1.180318;0.1469915;0.06571795;0.9869522;0.1529399;0.9842106;-0.0891002;0.93;0;1;1;0.05;1;1;5.999993;2.999997;6.764275;5.119494;3;170.7;8.5;3.8;161.6
22;SubcutaneousFat;4.779444;0.008510857;0.01205853;0.4314284;-1.531562;-0.07577007;-1.150146;0.1469915;0.06571795;0.9869522;0.1474052;0.9843727;-0.09634332;0.93;0;1;1;0.05;1;1;5.999993;2.999997;6.764275;5.119494;5;170.7;8.5;3.8;161.6
22;SubcutaneousFat;5.802108;-0.1009666;-0.08204515;0.6888224;-1.528556;-0.07442593;-1.12996;0.1469915;0.06571795;0.9869522;0.141275;0.9849815;-0.09926167;0.93;0;1;1;0.05;1;1;5.999993;2.999997;6.764275;5.119494;6;170.7;8.5;3.8;161.6
22;SubcutaneousFat;6.875944;-0.4869146;-0.1463051;1.488055;-1.525399;-0.07301447;-1.108763;0.1469915;0.06571795;0.9869522;0.1086341;0.9912288;-0.07526092;0.93;0;1;1;0.05;1;1;5.999993;2.999997;6.764275;5.119494;7;170.7;8.5;3.8;161.6
22;Muscle;9.215433;-0.5021657;-0.1688187;1.523958;-1.518521;-0.06993959;-1.062584;0.1469915;0.06571795;0.9869522;0.1097781;0.9912959;-0.07267273;0.93;0;1;1;0.05;1;1;3.999996;8.99999;23.9004;27.30054;9;170.7;8.5;3.8;161.6
22;Muscle;10.36023;-0.58093;-0.1974848;1.820329;-1.515157;-0.06843489;-1.039987;0.1469915;0.06571795;0.9869522;0.1071393;0.992415;-0.06028042;0.93;0;1;1;0.05;1;1;3.999996;8.99999;23.9004;27.30054;10;170.7;8.5;3.8;161.6
23;Muscle;11.48851;-0.694537;-0.3330448;2.087431;-1.51184;-0.06695192;-1.017716;0.1469915;0.06571795;0.9869522;0.1172639;0.9916729;-0.05323476;0.93;0;1;1;0.05;1;1;3.999996;8.99999;23.9004;27.30054;11;170.7;8.5;3.8;161.6
23;InterspinousLigament;14.5618;-1.032551;-0.3945937;2.882936;-1.502805;-0.06291247;-0.9570518;0.1469915;0.06571795;0.9869522;0.1250219;0.992005;-0.01719294;0.93;0;1;1;0.05;1;1;25.99997;12.99999;9.981804;25.07807;15;170.7;8.5;3.8;161.6
24;InterspinousLigament;15.56185;-1.173237;-0.4638959;3.104319;-1.499865;-0.06159806;-0.9373118;0.1469915;0.06571795;0.9869522;0.1203359;0.9926885;-0.009427487;0.93;0;1;1;0.05;1;1;25.99997;12.99999;9.981804;25.07807;16;170.7;8.5;3.8;161.6
24;InterspinousLigament;16.61759;-1.252134;-0.5125894;3.399192;-1.496761;-0.06021044;-0.9164726;0.1469915;0.06571795;0.9869522;0.1111461;0.9937997;-0.002928227;0.93;0;1;1;0.05;1;1;25.99997;12.99999;9.981804;25.07807;17;170.7;8.5;3.8;161.6
24;InterspinousLigament;17.74025;-1.326795;-0.5396874;3.68349;-1.493461;-0.05873484;-0.8943123;0.1469915;0.06571795;0.9869522;0.1136289;0.9935033;0.006302544;0.93;0;1;1;0.05;1;1;25.99997;12.99999;9.981804;25.07807;18;170.7;8.5;3.8;161.6
24;InterspinousLigament;18.87023;-1.40777;-0.5880271;3.981985;-1.490139;-0.05724965;-0.8720076;0.1469915;0.06571795;0.9869522;0.1120478;0.9935763;0.01585842;0.93;0;1;1;0.05;1;1;25.99997;12.99999;9.981804;25.07807;19;170.7;8.5;3.8;161.6
24;InterspinousLigament;19.90868;-1.540403;-0.5528049;4.293107;-1.487086;-0.05588477;-0.8515095;0.1469915;0.06571795;0.9869522;0.104828;0.9942852;0.0201999;0.93;0;1;1;0.05;1;1;25.99997;12.99999;9.981804;25.07807;20;170.7;8.5;3.8;161.6
24;InterspinousLigament;21.07081;-1.669248;-0.413072;4.595338;-1.483669;-0.05435597;-0.8285702;0.1469915;0.06571795;0.9869522;0.1007643;0.9947128;0.01982269;0.93;0;1;1;0.05;1;1;25.99997;12.99999;9.981804;25.07807;21;170.7;8.5;3.8;161.6
24;InterspinousLigament;22.18783;-1.802803;-0.5038657;4.908629;-1.480386;-0.0528878;-0.8065214;0.1469915;0.06571795;0.9869522;0.1008323;0.9944053;0.03148121;0.93;0;1;1;0.05;1;1;25.99997;12.99999;9.981804;25.07807;22;170.7;8.5;3.8;161.6
24;InterspinousLigament;23.18807;-1.89798;-0.5713335;5.131891;-1.477445;-0.05157447;-0.7867774;0.1469915;0.06571795;0.9869522;0.1000563;0.9941019;0.04183321;0.93;0;1;1;0.05;1;1;25.99997;12.99999;9.981804;25.07807;23;170.7;8.5;3.8;161.6
25;InterspinousLigament;24.30632;-1.957921;-0.4540582;5.485594;-1.474158;-0.0501047;-0.7647043;0.1469915;0.06571795;0.9869522;0.09885763;0.9939118;0.04864619;0.93;0;1;1;0.05;1;1;25.99997;12.99999;9.981804;25.07807;24;170.7;8.5;3.8;161.6
25;InterspinousLigament;25.33814;0;0;0;-1.471124;-0.04874853;-0.7443373;0.1469915;0.06571795;0.9869522;0.09812975;0.9937807;0.05263453;0.93;0;1;1;0.05;1;1;25.99997;12.99999;9.981804;25.07807;25;170.7;8.5;3.8;161.6
25;InterspinousLigament;26.73043;-2.214904;-0.5710843;6.087043;-1.467031;-0.04691855;-0.7168546;0.1469915;0.06571795;0.9869522;0.0978468;0.9936975;0.05469191;0.93;0;1;1;0.05;1;1;25.99997;12.99999;9.981804;25.07807;27;170.7;8.5;3.8;161.6
25;InterspinousLigament;27.96474;-2.341549;-0.659784;6.383437;-1.463403;-0.04529622;-0.6924906;0.1469915;0.06571795;0.9869522;0.0962387;0.9938383;0.05498664;0.93;0;1;1;0.05;1;1;25.99997;12.99999;9.981804;25.07807;28;170.7;8.5;3.8;161.6
25;InterspinousLigament;28.99575;-2.457345;-0.7474326;6.654445;-1.460371;-0.04393975;-0.6721395;0.1469915;0.06571795;0.9869522;0.09495227;0.9939041;0.05602534;0.93;0;1;1;0.05;1;1;25.99997;12.99999;9.981804;25.07807;29;170.7;8.5;3.8;161.6
25;InterspinousLigament;30.03247;-2.563207;-0.6708598;6.902213;-1.457322;-0.04257747;-0.6516759;0.1469915;0.06571795;0.9869522;0.09230214;0.9939042;0.06028837;0.93;0;1;1;0.05;1;1;25.99997;12.99999;9.981804;25.07807;30;170.7;8.5;3.8;161.6
25;InterspinousLigament;31.05452;-2.681415;-0.5953627;7.178868;-1.454319;-0.04123443;-0.6315013;0.1469915;0.06571795;0.9869522;0.09154098;0.9938258;0.06269377;0.93;0;1;1;0.05;1;1;25.99997;12.99999;9.981804;25.07807;31;170.7;8.5;3.8;161.6
25;InterspinousLigament;32.23157;-2.811242;-0.6426744;7.482709;-1.450859;-0.03968741;-0.6082675;0.1469915;0.06571795;0.9869522;0.0889376;0.994047;0.06293414;0.93;0;1;1;0.05;1;1;25.99997;12.99999;9.981804;25.07807;32;170.7;8.5;3.8;161.6
25;InterspinousLigament;33.28484;-2.917999;-0.6885635;7.732567;-1.447761;-0.03830236;-0.5874772;0.1469915;0.06571795;0.9869522;0.08595153;0.9942017;0.06461688;0.93;0;1;1;0.05;1;1;25.99997;12.99999;9.981804;25.07807;33;170.7;8.5;3.8;161.6
25;InterspinousLigament;34.41322;-3.062754;-0.5345619;8.071356;-1.444444;-0.03681938;-0.5652039;0.1469915;0.06571795;0.9869522;0.08301374;0.9928883;0.08533248;0.93;0;1;1;0.05;1;1;25.99997;12.99999;9.981804;25.07807;34;170.7;8.5;3.8;161.6
26;InterspinousLigament;35.48111;-3.171025;-0.5404058;8.324752;-1.441306;-0.03541588;-0.5441248;0.1469915;0.06571795;0.9869522;0.08203114;0.9924031;0.09168922;0.93;0;1;1;0.05;1;1;25.99997;12.99999;9.981804;25.07807;35;170.7;8.5;3.8;161.6
26;InterspinousLigament;36.66023;-3.267575;-0.4675065;8.653478;-1.437838;-0.03386561;-0.5208502;0.1469915;0.06571795;0.9869522;0.07968527;0.9926749;0.09081215;0.93;0;1;1;0.05;1;1;25.99997;12.99999;9.981804;25.07807;37;170.7;8.5;3.8;161.6
26;LigamentumFlavum;37.87215;-3.384042;-0.3364477;9.027997;-1.434276;-0.03227413;-0.4969279;0.1469915;0.06571795;0.9869522;0.07991919;0.9928891;0.08822785;0.93;0;1;1;0.05;1;1;2.999997;38.99996;49.70309;55.84856;38;170.7;8.5;3.8;161.6
26;LigamentumFlavum;39.1363;-3.525313;-0.3249745;9.357878;-1.43056;-0.03061215;-0.4719748;0.1469915;0.06571795;0.9869522;0.07982808;0.9926354;0.09111748;0.93;0;1;1;0.05;1;1;2.999997;38.99996;49.70309;55.84856;39;170.7;8.5;3.8;161.6
26;LigamentumFlavum;40.13871;-3.630321;-0.3114499;9.603075;-1.427613;-0.02929391;-0.4521882;0.1469915;0.06571795;0.9869522;0.08128189;0.9909548;0.1067794;0.93;0;1;1;0.05;1;1;2.999997;38.99996;49.70309;55.84856;40;170.7;8.5;3.8;161.6
26;EpiduralSpace;41.36145;-3.803043;0.2109638;10.0064;-1.424018;-0.02768688;-0.4280526;0.1469915;0.06571795;0.9869522;0.07764309;0.9912953;0.1063255;0.93;0;1;1;0.05;1;1;5.999993;41.99995;8.644381;8.382803;41;170.7;8.5;3.8;161.6
27;EpiduralSpace;42.39613;-3.916617;0.3205921;10.27161;-1.420976;-0.02632654;-0.4076291;0.1469915;0.06571795;0.9869522;0.07762547;0.9904807;0.1136761;0.93;0;1;1;0.05;1;1;5.999993;41.99995;8.644381;8.382803;42;170.7;8.5;3.8;161.6
27;EpiduralSpace;43.50084;-4.034989;0.2525585;10.54801;-1.417729;-0.024877;-0.3858227;0.1469915;0.06571795;0.9869522;0.07803727;0.9904037;0.1140643;0.93;0;1;1;0.05;1;1;5.999993;41.99995;8.644381;8.382803;44;170.7;8.5;3.8;161.6
27;EpiduralSpace;44.51523;-4.146999;0.1266916;10.80957;-1.414746;-0.02354286;-0.3657998;0.1469915;0.06571795;0.9869522;0.07899275;0.9894285;0.1216197;0.93;0;1;1;0.05;1;1;5.999993;41.99995;8.644381;8.382803;45;170.7;8.5;3.8;161.6
33;EpiduralSpace;45.64019;-4.577739;0.7173172;11.11779;-1.41144;-0.02206466;-0.343594;0.1469915;0.06571795;0.9869522;0.06715941;0.9841343;0.1642236;0.93;0;1;1;0.05;1;1;5.999993;41.99995;8.644381;8.382803;46;170.7;8.5;3.8;161.6
33;DuraMater;46.70371;-4.693606;0.8622768;11.39052;-1.408313;-0.02066598;-0.3226013;0.1469915;0.06571795;0.9869522;0.05864764;0.9839712;0.1684074;0.93;0;1;1;0.05;1;1;14.99998;47.99995;21.15434;15.69221;47;170.7;8.5;3.8;161.6
33;DuraMater;47.76007;-4.815589;0.9476261;11.67764;-1.405208;-0.01927768;-0.3017498;0.1469915;0.06571795;0.9869522;0.05600456;0.9841503;0.1682608;0.93;0;1;1;0.05;1;1;14.99998;47.99995;21.15434;15.69221;48;170.7;8.5;3.8;161.6
33;DuraMater;49.12233;-4.98935;1.027234;12.08664;-1.401203;-0.01748671;-0.2748601;0.1469915;0.06571795;0.9869522;0.05435998;0.984098;0.1691037;0.93;0;1;1;0.05;1;1;14.99998;47.99995;21.15434;15.69221;49;170.7;8.5;3.8;161.6
33;DuraMater;50.27551;-5.098736;1.035638;12.3441;-1.397812;-0.01597079;-0.2520975;0.1469915;0.06571795;0.9869522;0.05545954;0.9826171;0.1771663;0.93;0;1;1;0.05;1;1;14.99998;47.99995;21.15434;15.69221;50;170.7;8.5;3.8;161.6
34;DuraMater;51.28954;-5.2763;0.8143992;12.56477;-1.394831;-0.01463757;-0.2320815;0.1469915;0.06571795;0.9869522;0.06357881;0.9790469;0.1934552;0.93;0;1;1;0.05;1;1;14.99998;47.99995;21.15434;15.69221;51;170.7;8.5;3.8;161.6
34;DuraMater;52.317;-5.393082;0.8416347;12.84028;-1.391811;-0.01328847;-0.2118002;0.1469915;0.06571795;0.9869522;0.06009719;0.9791717;0.1939358;0.93;0;1;1;0.05;1;1;14.99998;47.99995;21.15434;15.69221;52;170.7;8.5;3.8;161.6
34;DuraMater;53.59003;-5.612598;0.8085119;13.16192;-1.388068;-0.01161452;-0.1866721;0.1469915;0.06571795;0.9869522;0.05251791;0.9794263;0.1948486;0.93;0;1;1;0.05;1;1;14.99998;47.99995;21.15434;15.69221;54;170.7;8.5;3.8;161.6
34;DuraMater;54.73001;-5.704082;1.004968;13.47621;-1.384718;-0.01011696;-0.1641695;0.1469915;0.06571795;0.9869522;0.05021276;0.9804009;0.1905065;0.93;0;1;1;0.05;1;1;14.99998;47.99995;21.15434;15.69221;55;170.7;8.5;3.8;161.6
34;DuraMater;55.7427;-5.838978;1.255784;13.79481;-1.381739;-0.008785275;-0.1441804;0.1469915;0.06571795;0.9869522;0.04678918;0.9811904;0.1872865;0.93;0;1;1;0.05;1;1;14.99998;47.99995;21.15434;15.69221;56;170.7;8.5;3.8;161.6
34;DuraMater;57.02155;-6.001092;1.501566;14.17771;-1.377979;-0.007104566;-0.1189373;0.1469915;0.06571795;0.9869522;0.0432514;0.981357;0.187264;0.93;0;1;1;0.05;1;1;14.99998;47.99995;21.15434;15.69221;57;170.7;8.5;3.8;161.6
34;DuraMater;58.03962;-6.05942;1.528402;14.41229;-1.374987;-0.005765533;-0.09884139;0.1469915;0.06571795;0.9869522;0.04434064;0.980385;0.1920394;0.93;0;1;1;0.05;1;1;14.99998;47.99995;21.15434;15.69221;58;170.7;8.5;3.8;161.6
34;DuraMater;59.13217;-6.178823;1.514606;14.69398;-1.371775;-0.004331111;-0.07727542;0.1469915;0.06571795;0.9869522;0.04510782;0.9797359;0.1951485;0.93;0;1;1;0.05;1;1;14.99998;47.99995;21.15434;15.69221;59;170.7;8.5;3.8;161.6
35;DuraMater;60.18247;-6.353202;1.870857;15.00935;-1.368689;-0.002950577;-0.05654333;0.1469915;0.06571795;0.9869522;0.04479293;0.9804965;0.191364;0.93;0;1;1;0.05;1;1;14.99998;47.99995;21.15434;15.69221;60;170.7;8.5;3.8;161.6
35;DuraMater;61.36728;-6.543637;2.347139;15.45914;-1.365205;-0.001393594;-0.03315643;0.1469915;0.06571795;0.9869522;0.04207584;0.9816385;0.1860523;0.93;0;1;1;0.05;1;1;14.99998;47.99995;21.15434;15.69221;61;170.7;8.5;3.8;161.6
35;DuraMater;62.5116;-6.693161;2.713849;15.81229;-1.361841;0.0001111325;-0.01056845;0.1469915;0.06571795;0.9869522;0.03837543;0.9824474;0.1825494;0.93;0;1;1;0.05;1;1;14.99998;47.99995;21.15434;15.69221;63;170.7;8.5;3.8;161.6
35;DuraMater;63.90409;-6.857432;3.075068;16.20028;-1.357748;0.001942103;0.01691785;0.1469915;0.06571795;0.9869522;0.03452793;0.9820499;0.1854339;0.93;0;1;1;0.05;1;1;14.99998;47.99995;21.15434;15.69221;64;170.7;8.5;3.8;161.6
