16;Body;1.063711;-0.00311044;-0.007458619;0.09529304;-1.035846;0.2307075;-1.298321;-0.3045084;-0.7592322;0.5751878;0.3280103;-0.6524698;-0.6831489;1;0.1;0;0;0.001;0;0;2.999997;0;0;0;1
16;Body;2.105396;0.07654688;-0.2151318;0.6390543;-1.040481;0.2021883;-1.302182;-0.3045084;-0.7592322;0.5751878;0.3229216;-0.6712008;-0.6672414;1;0.1;0;0;0.001;0;0;2.999997;0;0;0;2
16;Body;3.167156;0.01627519;-0.2513829;0.8258707;-1.046972;0.186076;-1.289967;-0.3045084;-0.7592322;0.5751878;0.3226041;-0.6780141;-0.6604722;1;0.1;0;0;0.001;0;0;2.999997;0;0;0;3
16;Body;4.330832;-0.1570008;-0.2540257;1.022125;-1.054087;0.1684175;-1.27658;-0.3045084;-0.7592322;0.5751878;0.3232767;-0.6843291;-0.6535946;1;0.1;0;0;0.001;0;0;2.999997;0;0;0;4
16;Body;5.346461;-0.228696;-0.2758878;1.173015;-1.060296;0.1530066;-1.264895;-0.3045084;-0.7592322;0.5751878;0.3272755;-0.6814311;-0.6546315;1;0.1;0;0;0.001;0;0;2.999997;0;0;0;5
16;Body;6.524676;-0.3757916;-0.2544658;1.260214;-1.067499;0.1351277;-1.25134;-0.3045084;-0.7592322;0.5751878;0.3323657;-0.6792548;-0.6543286;1;0.1;0;0;0.001;0;0;2.999997;0;0;0;7
16;Body;7.601658;-0.4342941;-0.2841806;1.423184;-1.074084;0.118785;-1.23895;-0.3045084;-0.7592322;0.5751878;0.333065;-0.6842576;-0.6487366;1;0.1;0;0;0.001;0;0;2.999997;0;0;0;8
16;Body;8.668261;-0.3219364;-0.3137054;1.40074;-1.080604;0.1025998;-1.226679;-0.3045084;-0.7592322;0.5751878;0.3331404;-0.6850981;-0.6478103;1;0.1;0;0;0.001;0;0;2.999997;0;0;0;9
17;Body;9.872046;-0.3677202;-0.3572882;1.596487;-1.087964;0.08433294;-1.21283;-0.3045084;-0.7592322;0.5751878;0.3425478;-0.6708283;-0.6577616;1;0.1;0;0;0.001;0;0;2.999997;0;0;0;10
17;Body;11.04012;-0.4132214;-0.3884763;1.750341;-1.095105;0.06660791;-1.199391;-0.3045084;-0.7592322;0.5751878;0.343127;-0.6744803;-0.6537126;1;0.1;0;0;0.001;0;0;2.999997;0;0;0;11
17;Body;12.4578;-0.4670727;-0.3580294;1.706421;-1.103772;0.0450953;-1.183082;-0.3045084;-0.7592322;0.5751878;0.3437008;-0.6798221;-0.6478515;1;0.1;0;0;0.001;0;0;2.999997;0;0;0;12
17;SubcutaneousFat;13.89826;-0.4865631;-0.3647673;1.750107;-1.112578;0.02323703;-1.16651;-0.3045084;-0.7592322;0.5751878;0.3443192;-0.6840075;-0.6431003;0.2;0;0;0;0.05;0;0;5.999993;2.999997;6.772702;5.64941;14
17;SubcutaneousFat;14.9545;-0.4500403;-0.3446148;1.642989;-1.119036;0.007209021;-1.154358;-0.3045084;-0.7592322;0.5751878;0.3415514;-0.6926971;-0.635227;0.2;0;0;0;0.05;0;0;5.999993;2.999997;6.772702;5.64941;15
18;SubcutaneousFat;16.16089;-0.4653271;-0.3552454;1.695192;-1.126411;-0.01109739;-1.140479;-0.3045084;-0.7592322;0.5751878;0.3419615;-0.696276;-0.6310801;0.2;0;0;0;0.05;0;0;5.999993;2.999997;6.772702;5.64941;16
18;SubcutaneousFat;17.62708;-0.5539672;-0.3360757;1.726731;-1.135375;-0.03334614;-1.123611;-0.3045084;-0.7592322;0.5751878;0.3423498;-0.7009518;-0.6256703;0.2;0;0;0;0.05;0;0;5.999993;2.999997;6.772702;5.64941;18
18;Muscle;18.76288;-0.5249665;-0.3587121;1.77132;-1.142319;-0.05058137;-1.110544;-0.3045084;-0.7592322;0.5751878;0.3427769;-0.7049676;-0.6209063;0.8;0;0;0;0.05;0;0;3.999996;8.99999;22.6545;30.3791;19
18;Muscle;19.8681;-0.46733;-0.3094399;1.662202;-1.149076;-0.0673525;-1.097829;-0.3045084;-0.7592322;0.5751878;0.3425462;-0.7079488;-0.617633;0.8;0;0;0;0.05;0;0;3.999996;8.99999;22.6545;30.3791;20
18;Muscle;20.90153;-0.5558015;-0.3528908;1.785134;-1.155393;-0.08303443;-1.085939;-0.3045084;-0.7592322;0.5751878;0.3427677;-0.7112955;-0.6136522;0.8;0;0;0;0.05;0;0;3.999996;8.99999;22.6545;30.3791;21
18;Muscle;21.98332;-0.4963983;-0.386576;1.833916;-1.162007;-0.09945001;-1.073494;-0.3045084;-0.7592322;0.5751878;0.3429416;-0.7149955;-0.6092393;0.8;0;0;0;0.05;0;0;3.999996;8.99999;22.6545;30.3791;22
18;Muscle;23.02557;-0.4991693;-0.4101274;1.915935;-1.168379;-0.1152656;-1.061503;-0.3045084;-0.7592322;0.5751878;0.342746;-0.7187895;-0.6048693;0.8;0;0;0;0.05;0;0;3.999996;8.99999;22.6545;30.3791;23
18;InterspinousLigament;24.15713;-0.5019137;-0.3942513;1.893567;-1.175297;-0.1324365;-1.048485;-0.3045084;-0.7592322;0.5751878;0.3425997;-0.7227325;-0.6002359;0.2;0;0;0;0.05;0;0;25.99997;12.99999;21.66446;24.33979;24
18;InterspinousLigament;25.17614;-0.4326084;-0.4233049;1.888165;-1.181527;-0.1478995;-1.036761;-0.3045084;-0.7592322;0.5751878;0.3359387;-0.7396144;-0.5831945;0.2;0;0;0;0.05;0;0;25.99997;12.99999;21.66446;24.33979;25
18;InterspinousLigament;26.22494;-0.5426813;-0.3870625;1.885601;-1.187939;-0.1638143;-1.024695;-0.3045084;-0.7592322;0.5751878;0.3398811;-0.7407251;-0.5794887;0.2;0;0;0;0.05;0;0;25.99997;12.99999;21.66446;24.33979;26
19;InterspinousLigament;27.42747;-0.504997;-0.4110631;1.925376;-1.195289;-0.1820629;-1.01086;-0.3045084;-0.7592322;0.5751878;0.3383001;-0.7457895;-0.5738912;0.2;0;0;0;0.05;0;0;25.99997;12.99999;21.66446;24.33979;27
19;InterspinousLigament;28.48714;-0.518898;-0.4134673;1.948472;-1.201768;-0.1981423;-0.9986688;-0.3045084;-0.7592322;0.5751878;0.3389871;-0.7501329;-0.5677926;0.2;0;0;0;0.05;0;0;25.99997;12.99999;21.66446;24.33979;28
19;InterspinousLigament;29.65385;-0.5609365;-0.3972387;1.939485;-1.208901;-0.2158468;-0.9852462;-0.3045084;-0.7592322;0.5751878;0.3395761;-0.7530909;-0.5635088;0.2;0;0;0;0.05;0;0;25.99997;12.99999;21.66446;24.33979;30
19;InterspinousLigament;30.8455;-0.5687205;-0.3907515;1.926137;-1.216187;-0.2339293;-0.9715368;-0.3045084;-0.7592322;0.5751878;0.3403234;-0.7578099;-0.5566903;0.2;0;0;0;0.05;0;0;25.99997;12.99999;21.66446;24.33979;31
20;InterspinousLigament;31.86523;-0.5887908;-0.3763931;1.899665;-1.22242;-0.2494036;-0.9598051;-0.3045084;-0.7592322;0.5751878;0.3383689;-0.7622899;-0.5517433;0.2;0;0;0;0.05;0;0;25.99997;12.99999;21.66446;24.33979;32
20;InterspinousLigament;33.05163;-0.587003;-0.3777832;1.9024;-1.229674;-0.2674069;-0.9461566;-0.3045084;-0.7592322;0.5751878;0.3388382;-0.7652915;-0.5472821;0.2;0;0;0;0.05;0;0;25.99997;12.99999;21.66446;24.33979;33
20;InterspinousLigament;34.05198;-0.6464569;-0.3624275;1.91517;-1.235789;-0.2825868;-0.9346477;-0.3045084;-0.7592322;0.5751878;0.3380693;-0.7684137;-0.5433688;0.2;0;0;0;0.05;0;0;25.99997;12.99999;21.66446;24.33979;34
20;InterspinousLigament;35.07414;-0.6572425;-0.3689171;1.948609;-1.242039;-0.298097;-0.9228877;-0.3045084;-0.7592322;0.5751878;0.3371735;-0.7736921;-0.5363903;0.2;0;0;0;0.05;0;0;25.99997;12.99999;21.66446;24.33979;35
20;InterspinousLigament;36.09893;-0.7085871;-0.3625104;1.982639;-1.248303;-0.3136485;-0.9110985;-0.3045084;-0.7592322;0.5751878;0.3369035;-0.7779681;-0.5303411;0.2;0;0;0;0.05;0;0;25.99997;12.99999;21.66446;24.33979;36
20;InterspinousLigament;37.35837;-0.6954862;-0.2553188;1.969707;-1.256003;-0.3327594;-0.8966086;-0.3045084;-0.7592322;0.5751878;0.3365103;-0.7837375;-0.5220311;0.2;0;0;0;0.05;0;0;25.99997;12.99999;21.66446;24.33979;37
20;InterspinousLigament;38.36494;-0.7056001;-0.369802;2.003871;-1.262157;-0.3480338;-0.8850287;-0.3045084;-0.7592322;0.5751878;0.3358922;-0.7868106;-0.5177891;0.2;0;0;0;0.05;0;0;25.99997;12.99999;21.66446;24.33979;38
20;InterspinousLigament;39.52397;-0.8023262;-0.3331278;1.985425;-1.269243;-0.3656213;-0.871694;-0.3045084;-0.7592322;0.5751878;0.337128;-0.7889289;-0.5137469;0.2;0;0;0;0.05;0;0;25.99997;12.99999;21.66446;24.33979;40
21;InterspinousLigament;40.5719;-0.7980823;-0.3317587;1.97624;-1.275649;-0.3815238;-0.8596382;-0.3045084;-0.7592322;0.5751878;0.3371332;-0.792093;-0.5088516;0.2;0;0;0;0.05;0;0;25.99997;12.99999;21.66446;24.33979;41
21;InterspinousLigament;41.612;-0.7728859;-0.3394245;1.974712;-1.282009;-0.3973058;-0.8476717;-0.3045084;-0.7592322;0.5751878;0.3373051;-0.7938499;-0.5059917;0.2;0;0;0;0.05;0;0;25.99997;12.99999;21.66446;24.33979;42
21;InterspinousLigament;42.76338;-0.7886469;-0.3405202;1.995431;-1.289046;-0.4147779;-0.8344251;-0.3045084;-0.7592322;0.5751878;0.3381608;-0.7963239;-0.5015132;0.2;0;0;0;0.05;0;0;25.99997;12.99999;21.66446;24.33979;43
21;InterspinousLigament;43.77602;-0.8252468;-0.325693;1.985264;-1.295237;-0.4301448;-0.8227759;-0.3045084;-0.7592322;0.5751878;0.337418;-0.8005726;-0.4952097;0.2;0;0;0;0.05;0;0;25.99997;12.99999;21.66446;24.33979;44
21;LigamentumFlavum;44.84995;-0.8051851;-0.3348379;1.994248;-1.301804;-0.4464402;-0.81042;-0.3045084;-0.7592322;0.5751878;0.3377893;-0.8025432;-0.4917548;0.2;0;0;0;0.05;0;0;2.999997;38.99996;57.24329;60.41954;45
21;LigamentumFlavum;46.24842;-0.7977204;-0.3491381;2.034162;-1.310354;-0.4676617;-0.7943317;-0.3045084;-0.7592322;0.5751878;0.3386742;-0.8053131;-0.4865908;0.2;0;0;0;0.05;0;0;2.999997;38.99996;57.24329;60.41954;46
21;EpiduralSpace;47.33445;-0.8433785;-0.3438292;2.065729;-1.316993;-0.4841417;-0.7818369;-0.3045084;-0.7592322;0.5751878;0.3391962;-0.8079411;-0.4818475;0.2;0;0;0;0.05;0;0;5.999993;41.99995;7.902687;8.186323;47
22;EpiduralSpace;48.46743;-0.7707804;-0.3588997;2.037782;-1.32392;-0.5013345;-0.7688031;-0.3045084;-0.7592322;0.5751878;0.3381594;-0.8099038;-0.4792745;0.2;0;0;0;0.05;0;0;5.999993;41.99995;7.902687;8.186323;48
22;EpiduralSpace;49.47958;-0.791059;-0.3414688;2.001224;-1.330107;-0.516693;-0.7571577;-0.3045084;-0.7592322;0.5751878;0.3385758;-0.8113464;-0.4765327;0.2;0;0;0;0.05;0;0;5.999993;41.99995;7.902687;8.186323;49
23;EpiduralSpace;50.58492;-0.7723613;-0.3616581;2.048749;-1.336866;-0.533466;-0.7444416;-0.3045084;-0.7592322;0.5751878;0.3401348;-0.8135093;-0.4717106;0.2;0;0;0;0.05;0;0;5.999993;41.99995;7.902687;8.186323;51
23;EpiduralSpace;51.63199;-0.8966782;-0.3537046;2.156504;-1.343267;-0.549355;-0.7323956;-0.3045084;-0.7592322;0.5751878;0.3403456;-0.8160507;-0.4671468;0.2;0;0;0;0.05;0;0;5.999993;41.99995;7.902687;8.186323;52
23;DuraMater;52.77039;-0.8652854;-0.3612901;2.148001;-1.350225;-0.5666294;-0.7192975;-0.3045084;-0.7592322;0.5751878;0.3406654;-0.8182402;-0.4630659;0.2;0;0;0;0.05;0;0;14.99998;47.99995;23.78449;24.84445;53
23;DuraMater;53.80684;-0.8805941;-0.3652548;2.17786;-1.356562;-0.5823576;-0.7073743;-0.3045084;-0.7592322;0.5751878;0.3404275;-0.8209653;-0.4583939;0.2;0;0;0;0.05;0;0;14.99998;47.99995;23.78449;24.84445;54
23;DuraMater;54.92373;-0.9445736;-0.3467569;2.184981;-1.363391;-0.5993052;-0.6945245;-0.3045084;-0.7592322;0.5751878;0.3424729;-0.8229656;-0.4532548;0.2;0;0;0;0.05;0;0;14.99998;47.99995;23.78449;24.84445;55
24;DuraMater;55.9943;-0.9690545;-0.3350403;2.17215;-1.369936;-0.6155505;-0.6822077;-0.3045084;-0.7592322;0.5751878;0.3431536;-0.8245195;-0.4499035;0.2;0;0;0;0.05;0;0;14.99998;47.99995;23.78449;24.84445;56
24;DuraMater;56.99772;-0.883055;-0.35954;2.161347;-1.37607;-0.6307777;-0.6706647;-0.3045084;-0.7592322;0.5751878;0.3423796;-0.8265395;-0.4467759;0.2;0;0;0;0.05;0;0;14.99998;47.99995;23.78449;24.84445;57
24;DuraMater;58.07401;-0.8739974;-0.368922;2.18303;-1.38265;-0.6471094;-0.6582817;-0.3045084;-0.7592322;0.5751878;0.3429916;-0.8284333;-0.4427809;0.2;0;0;0;0.05;0;0;14.99998;47.99995;23.78449;24.84445;58
24;DuraMater;59.27421;-0.8689952;-0.3732511;2.192145;-1.389988;-0.6653216;-0.6444739;-0.3045084;-0.7592322;0.5751878;0.3430855;-0.8309705;-0.4379273;0.2;0;0;0;0.05;0;0;14.99998;47.99995;23.78449;24.84445;59
24;DuraMater;60.34956;-0.927838;-0.3628548;2.2209;-1.396561;-0.6816403;-0.6321024;-0.3045084;-0.7592322;0.5751878;0.3439643;-0.8323988;-0.4345122;0.2;0;0;0;0.05;0;0;14.99998;47.99995;23.78449;24.84445;60
24;DuraMater;61.36938;-0.907748;-0.3539687;2.169356;-1.402796;-0.697116;-0.62037;-0.3045084;-0.7592322;0.5751878;0.3459663;-0.832433;-0.432854;0.2;0;0;0;0.05;0;0;14.99998;47.99995;23.78449;24.84445;61
24;DuraMater;62.3728;-0.8715134;-0.3797428;2.216651;-1.40893;-0.7123421;-0.6088257;-0.3045084;-0.7592322;0.5751878;0.3464593;-0.833735;-0.4299439;0.2;0;0;0;0.05;0;0;14.99998;47.99995;23.78449;24.84445;62
25;DuraMater;63.38489;-0.9279949;-0.3616347;2.216976;-1.415118;-0.7276999;-0.5971819;-0.3045084;-0.7592322;0.5751878;0.3471468;-0.8350171;-0.4268904;0.2;0;0;0;0.05;0;0;14.99998;47.99995;23.78449;24.84445;63
25;DuraMater;64.45484;-0.9142804;-0.3788542;2.259923;-1.421659;-0.7439363;-0.5848728;-0.3045084;-0.7592322;0.5751878;0.3478594;-0.8357581;-0.4248556;0.2;0;0;0;0.05;0;0;14.99998;47.99995;23.78449;24.84445;64
