6;Body;2.85106;0;0;0;-1.190277;0.17428;-1.237759;0.04054061;-0.05440956;0.9976954;0.01913752;0.9984435;0.05238578;1;0;1;1;0.05;1;1;2.999997;0;0;0;3;176.1;2.3;3.1;172.2
6;Body;4.149222;0.139122;0.2131233;0.1710033;-1.190746;0.1711309;-1.211888;0.04054061;-0.05440956;0.9976954;0.01800166;0.9988448;0.04455291;1;0;1;1;0.05;1;1;2.999997;0;0;0;4;176.1;2.3;3.1;172.2
6;Body;5.211844;0.1848488;0.4036274;0.3292866;-1.189885;0.1699733;-1.190685;0.04054061;-0.05440956;0.9976954;0.01497577;0.9991096;0.03944258;1;0;1;1;0.05;1;1;2.999997;0;0;0;5;176.1;2.3;3.1;172.2
6;Body;6.235923;0.09547806;0.2117443;0.6039658;-1.189055;0.1688602;-1.170251;0.04054061;-0.05440956;0.9976954;0.01583699;0.9986883;0.04869226;1;0;1;1;0.05;1;1;2.999997;0;0;0;6;176.1;2.3;3.1;172.2
7;SubcutaneousFat;7.242606;0.008487701;0.2031937;0.8713226;-1.188239;0.1677644;-1.150163;0.04054061;-0.05440956;0.9976954;0.03839215;0.9966512;0.07219744;1;0;1;1;0.05;1;1;5.999993;2.999997;5.928717;5.627239;7;176.1;2.3;3.1;172.2
7;SubcutaneousFat;8.248588;-0.03325272;0.3311577;1.147707;-1.187423;0.1666699;-1.13009;0.04054061;-0.05440956;0.9976954;0.04675091;0.995036;0.08785024;1;0;1;1;0.05;1;1;5.999993;2.999997;5.928717;5.627239;8;176.1;2.3;3.1;172.2
7;SubcutaneousFat;9.439376;-0.1377792;0.4615726;1.468515;-1.186458;0.1653741;-1.106329;0.04054061;-0.05440956;0.9976954;0.04125343;0.9943761;0.09754163;1;0;1;1;0.05;1;1;5.999993;2.999997;5.928717;5.627239;9;176.1;2.3;3.1;172.2
8;SubcutaneousFat;10.45145;-0.2308464;0.4762936;1.75415;-1.185637;0.1642714;-1.086134;0.04054061;-0.05440956;0.9976954;0.03750921;0.9933699;0.1086708;1;0;1;1;0.05;1;1;5.999993;2.999997;5.928717;5.627239;10;176.1;2.3;3.1;172.2
8;SubcutaneousFat;11.54158;-0.3324852;0.5826855;2.066088;-1.184754;0.1630852;-1.064382;0.04054061;-0.05440956;0.9976954;0.02656118;0.9895993;0.1413777;1;0;1;1;0.05;1;1;5.999993;2.999997;5.928717;5.627239;12;176.1;2.3;3.1;172.2
8;SubcutaneousFat;12.55781;-0.3698349;0.5726795;2.327009;-1.18393;0.1619793;-1.044104;0.04054061;-0.05440956;0.9976954;0.01250992;0.9860276;0.1661117;1;0;1;1;0.05;1;1;5.999993;2.999997;5.928717;5.627239;13;176.1;2.3;3.1;172.2
8;Muscle;15.62518;-0.513075;0.6376082;3.203349;-1.181442;0.1586414;-0.9828982;0.04054061;-0.05440956;0.9976954;0.005808111;0.9711577;0.2383675;1;0;1;1;0.05;1;1;3.999996;8.99999;21.8778;18.28318;16;176.1;2.3;3.1;172.2
8;Muscle;16.64516;-0.5600835;0.8074881;3.490839;-1.180614;0.1575315;-0.9625456;0.04054061;-0.05440956;0.9976954;0.006536415;0.9681969;0.2501041;1;0;1;1;0.05;1;1;3.999996;8.99999;21.8778;18.28318;17;176.1;2.3;3.1;172.2
9;Muscle;17.79365;-0.6196767;0.8450361;3.815875;-1.179683;0.1562817;-0.9396289;0.04054061;-0.05440956;0.9976954;0.01149398;0.9679546;0.2508619;1;0;1;1;0.05;1;1;3.999996;8.99999;21.8778;18.28318;18;176.1;2.3;3.1;172.2
9;InterspinousLigament;18.89906;-0.7185689;0.8155104;4.116864;-1.178787;0.1550788;-0.9175717;0.04054061;-0.05440956;0.9976954;0.009035882;0.9672476;0.2536738;1;0;1;1;0.05;1;1;25.99997;12.99999;25.55115;18.96638;19;176.1;2.3;3.1;172.2
9;InterspinousLigament;19.95379;-0.7698423;0.8516966;4.415331;-1.177931;0.1539311;-0.8965257;0.04054061;-0.05440956;0.9976954;0.01039282;0.9667676;0.2554453;1;0;1;1;0.05;1;1;25.99997;12.99999;25.55115;18.96638;20;176.1;2.3;3.1;172.2
9;InterspinousLigament;21.07444;-0.8365155;0.9120432;4.759755;-1.177023;0.1527116;-0.8741643;0.04054061;-0.05440956;0.9976954;0.008406928;0.9660782;0.258113;1;0;1;1;0.05;1;1;25.99997;12.99999;25.55115;18.96638;21;176.1;2.3;3.1;172.2
10;InterspinousLigament;22.2125;-0.9360486;0.9707285;5.061862;-1.1761;0.1514732;-0.8514556;0.04054061;-0.05440956;0.9976954;0.008321576;0.9653615;0.2607834;1;0;1;1;0.05;1;1;25.99997;12.99999;25.55115;18.96638;22;176.1;2.3;3.1;172.2
10;InterspinousLigament;23.64374;-1.030729;0.9689585;5.489844;-1.17494;0.1499157;-0.8228967;0.04054061;-0.05440956;0.9976954;0.007970542;0.9657024;0.2595293;1;0;1;1;0.05;1;1;25.99997;12.99999;25.55115;18.96638;24;176.1;2.3;3.1;172.2
10;InterspinousLigament;24.98133;-1.146681;1.051449;5.84129;-1.173855;0.1484602;-0.7962065;0.04054061;-0.05440956;0.9976954;0.00666745;0.9657457;0.2594045;1;0;1;1;0.05;1;1;25.99997;12.99999;25.55115;18.96638;25;176.1;2.3;3.1;172.2
10;InterspinousLigament;26.08705;-1.240999;1.260714;6.127175;-1.172958;0.1472569;-0.7741431;0.04054061;-0.05440956;0.9976954;0.0114194;0.9663533;0.2569648;1;0;1;1;0.05;1;1;25.99997;12.99999;25.55115;18.96638;26;176.1;2.3;3.1;172.2
10;InterspinousLigament;27.0951;-1.285418;1.381053;6.401005;-1.172141;0.14616;-0.7540286;0.04054061;-0.05440956;0.9976954;0.009278608;0.9644397;0.2641399;1;0;1;1;0.05;1;1;25.99997;12.99999;25.55115;18.96638;27;176.1;2.3;3.1;172.2
10;InterspinousLigament;28.12082;-1.372389;1.457751;6.664242;-1.171309;0.1450438;-0.7335614;0.04054061;-0.05440956;0.9976954;0.008283546;0.9639498;0.2659551;1;0;1;1;0.05;1;1;25.99997;12.99999;25.55115;18.96638;28;176.1;2.3;3.1;172.2
10;InterspinousLigament;29.16055;-1.471735;1.815742;6.964944;-1.170466;0.1439124;-0.7128147;0.04054061;-0.05440956;0.9976954;0.007904965;0.9650787;0.2618408;1;0;1;1;0.05;1;1;25.99997;12.99999;25.55115;18.96638;29;176.1;2.3;3.1;172.2
10;InterspinousLigament;30.17683;-1.553637;1.954807;7.212853;-1.169641;0.1428075;-0.692536;0.04054061;-0.05440956;0.9976954;0.007278346;0.9660466;0.2582652;1;0;1;1;0.05;1;1;25.99997;12.99999;25.55115;18.96638;30;176.1;2.3;3.1;172.2
11;InterspinousLigament;31.31488;-1.652483;2.030953;7.51204;-1.16872;0.1415695;-0.6698273;0.04054061;-0.05440956;0.9976954;0.01370891;0.9654673;0.2601632;1;0;1;1;0.05;1;1;25.99997;12.99999;25.55115;18.96638;31;176.1;2.3;3.1;172.2
11;InterspinousLigament;32.33171;-1.648512;2.146979;7.774348;-1.167895;0.1404621;-0.6495378;0.04054061;-0.05440956;0.9976954;0.01338958;0.9652392;0.261025;1;0;1;1;0.05;1;1;25.99997;12.99999;25.55115;18.96638;32;176.1;2.3;3.1;172.2
11;InterspinousLigament;33.34718;-1.736925;2.306271;8.041217;-1.167072;0.1393574;-0.6292753;0.04054061;-0.05440956;0.9976954;0.01214759;0.9643895;0.264207;1;0;1;1;0.05;1;1;25.99997;12.99999;25.55115;18.96638;33;176.1;2.3;3.1;172.2
11;InterspinousLigament;34.3673;-1.836481;2.465928;8.341733;-1.166245;0.1382472;-0.6089197;0.04054061;-0.05440956;0.9976954;0.009840495;0.9636629;0.2669401;1;0;1;1;0.05;1;1;25.99997;12.99999;25.55115;18.96638;34;176.1;2.3;3.1;172.2
11;InterspinousLigament;35.38043;-1.933287;2.433833;8.633938;-1.165424;0.1371439;-0.5887038;0.04054061;-0.05440956;0.9976954;0.006843268;0.9601498;0.2794023;1;0;1;1;0.05;1;1;25.99997;12.99999;25.55115;18.96638;35;176.1;2.3;3.1;172.2
11;InterspinousLigament;36.50903;-2.023531;2.549085;8.906341;-1.164509;0.1359167;-0.5661837;0.04054061;-0.05440956;0.9976954;0.00531739;0.9582469;0.2858927;1;0;1;1;0.05;1;1;25.99997;12.99999;25.55115;18.96638;37;176.1;2.3;3.1;172.2
12;InterspinousLigament;37.52742;-2.119402;2.685364;9.195719;-1.163683;0.134808;-0.5458631;0.04054061;-0.05440956;0.9976954;0.0074374;0.9585249;0.2849119;1;0;1;1;0.05;1;1;25.99997;12.99999;25.55115;18.96638;38;176.1;2.3;3.1;172.2
12;InterspinousLigament;38.59642;-2.15787;2.966208;9.446377;-1.162816;0.1336455;-0.5245322;0.04054061;-0.05440956;0.9976954;0.007631164;0.9597711;0.2806799;1;0;1;1;0.05;1;1;25.99997;12.99999;25.55115;18.96638;39;176.1;2.3;3.1;172.2
12;InterspinousLigament;39.90912;-2.191786;3.039413;9.816401;-1.161752;0.1322159;-0.4983388;0.04054061;-0.05440956;0.9976954;0.01022045;0.9581334;0.2861397;1;0;1;1;0.05;1;1;25.99997;12.99999;25.55115;18.96638;40;176.1;2.3;3.1;172.2
12;InterspinousLigament;40.99164;-2.295218;3.152939;10.12733;-1.160874;0.1310376;-0.4767383;0.04054061;-0.05440956;0.9976954;0.009546583;0.9583411;0.2854666;1;0;1;1;0.05;1;1;25.99997;12.99999;25.55115;18.96638;41;176.1;2.3;3.1;172.2
13;InterspinousLigament;42.0448;-2.433581;3.244604;10.41052;-1.16002;0.1298912;-0.4557237;0.04054061;-0.05440956;0.9976954;0.01226104;0.9578239;0.2870942;1;0;1;1;0.05;1;1;25.99997;12.99999;25.55115;18.96638;42;176.1;2.3;3.1;172.2
13;InterspinousLigament;43.04983;-2.48041;3.500629;10.68402;-1.159206;0.1287987;-0.4356693;0.04054061;-0.05440956;0.9976954;0.01031434;0.9581378;0.2861217;1;0;1;1;0.05;1;1;25.99997;12.99999;25.55115;18.96638;43;176.1;2.3;3.1;172.2
13;LigamentumFlavum;44.16005;-2.562117;3.734277;10.92964;-1.158305;0.1275905;-0.4135161;0.04054061;-0.05440956;0.9976954;0.006498035;0.9564309;0.2918864;1;0;1;1;0.05;1;1;2.999997;38.99996;48.58858;57.6172;44;176.1;2.3;3.1;172.2
13;LigamentumFlavum;45.34417;-2.627535;3.92696;11.2579;-1.157345;0.1263017;-0.3898883;0.04054061;-0.05440956;0.9976954;0.004130356;0.9547849;0.2972688;1;0;1;1;0.05;1;1;2.999997;38.99996;48.58858;57.6172;45;176.1;2.3;3.1;172.2
13;LigamentumFlavum;46.43176;-2.75466;4.283854;11.63952;-1.156462;0.1251189;-0.3681868;0.04054061;-0.05440956;0.9976954;0.006866938;0.9545366;0.2980147;1;0;1;1;0.05;1;1;2.999997;38.99996;48.58858;57.6172;46;176.1;2.3;3.1;172.2
13;LigamentumFlavum;47.45594;-2.781933;4.533045;11.85204;-1.155633;0.1240037;-0.3477503;0.04054061;-0.05440956;0.9976954;0.005725273;0.9558265;0.2938758;1;0;1;1;0.05;1;1;2.999997;38.99996;48.58858;57.6172;47;176.1;2.3;3.1;172.2
13;EpiduralSpace;48.65698;-2.860033;4.822464;12.08617;-1.154658;0.1226967;-0.3237849;0.04054061;-0.05440956;0.9976954;0.006959825;0.9571064;0.289653;1;0;1;1;0.05;1;1;5.999993;41.99995;7.95295;9.010625;49;176.1;2.3;3.1;172.2
14;EpiduralSpace;49.72613;-2.944544;5.049517;12.33952;-1.153792;0.1215336;-0.3024512;0.04054061;-0.05440956;0.9976954;0.009778223;0.9553367;0.2953575;1;0;1;1;0.05;1;1;5.999993;41.99995;7.95295;9.010625;50;176.1;2.3;3.1;172.2
14;EpiduralSpace;50.81852;-3.040756;5.356839;12.62794;-1.152905;0.1203448;-0.2806536;0.04054061;-0.05440956;0.9976954;0.009508171;0.9553593;0.2952934;1;0;1;1;0.05;1;1;5.999993;41.99995;7.95295;9.010625;51;176.1;2.3;3.1;172.2
14;EpiduralSpace;51.91636;-3.131928;5.641999;12.90126;-1.152016;0.1191503;-0.2587474;0.04054061;-0.05440956;0.9976954;0.007801801;0.9536833;0.3007112;1;0;1;1;0.05;1;1;5.999993;41.99995;7.95295;9.010625;52;176.1;2.3;3.1;172.2
15;EpiduralSpace;53.03325;-3.229555;5.784227;13.19393;-1.151111;0.117935;-0.2364611;0.04054061;-0.05440956;0.9976954;0.006451918;0.9540831;0.2994724;1;0;1;1;0.05;1;1;5.999993;41.99995;7.95295;9.010625;53;176.1;2.3;3.1;172.2
15;EpiduralSpace;54.04187;-3.283438;5.784701;13.48373;-1.150293;0.1168366;-0.2163353;0.04054061;-0.05440956;0.9976954;0.006043945;0.9534064;0.3016284;1;0;1;1;0.05;1;1;5.999993;41.99995;7.95295;9.010625;54;176.1;2.3;3.1;172.2
15;DuraMater;55.19514;-3.355273;5.885536;13.82644;-1.149357;0.1155813;-0.193323;0.04054061;-0.05440956;0.9976954;0.005654466;0.9536563;0.3008449;1;0;1;1;0.05;1;1;14.99998;47.99995;17.43335;22.2243;55;176.1;2.3;3.1;172.2
15;DuraMater;56.30032;-3.416191;5.945699;14.13566;-1.148462;0.1143797;-0.1712704;0.04054061;-0.05440956;0.9976954;0.005105777;0.9521951;0.3054478;1;0;1;1;0.05;1;1;14.99998;47.99995;17.43335;22.2243;56;176.1;2.3;3.1;172.2
15;DuraMater;57.30935;-3.454224;6.125171;14.37584;-1.147643;0.1132823;-0.1511362;0.04054061;-0.05440956;0.9976954;0.003107694;0.9505081;0.3106844;1;0;1;1;0.05;1;1;14.99998;47.99995;17.43335;22.2243;57;176.1;2.3;3.1;172.2
15;DuraMater;58.31697;-3.548435;6.204155;14.65673;-1.146827;0.1121857;-0.1310302;0.04054061;-0.05440956;0.9976954;0.0007798206;0.9489904;0.315304;1;0;1;1;0.05;1;1;14.99998;47.99995;17.43335;22.2243;58;176.1;2.3;3.1;172.2
15;DuraMater;59.38528;-3.599301;6.421485;14.93411;-1.14596;0.1110225;-0.1097133;0.04054061;-0.05440956;0.9976954;-0.0007965401;0.9487916;0.3159016;1;0;1;1;0.05;1;1;14.99998;47.99995;17.43335;22.2243;59;176.1;2.3;3.1;172.2
16;DuraMater;60.50379;-3.537495;6.637559;15.25095;-1.145052;0.1098043;-0.08739484;0.04054061;-0.05440956;0.9976954;-0.001924332;0.9500965;0.3119502;1;0;1;1;0.05;1;1;14.99998;47.99995;17.43335;22.2243;61;176.1;2.3;3.1;172.2
16;DuraMater;61.52039;-3.577763;6.734419;15.49449;-1.144228;0.1086991;-0.06710953;0.04054061;-0.05440956;0.9976954;-0.003417655;0.949812;0.3128026;1;0;1;1;0.05;1;1;14.99998;47.99995;17.43335;22.2243;62;176.1;2.3;3.1;172.2
16;DuraMater;62.53995;-3.63649;6.810609;15.79192;-1.143401;0.1075903;-0.04676542;0.04054061;-0.05440956;0.9976954;-0.006912927;0.9501696;0.3116568;1;0;1;1;0.05;1;1;14.99998;47.99995;17.43335;22.2243;63;176.1;2.3;3.1;172.2
16;DuraMater;63.54943;-3.68417;7.04348;16.05599;-1.142583;0.10649;-0.02662227;0.04054061;-0.05440956;0.9976954;-0.008023811;0.9504422;0.3107978;1;0;1;1;0.05;1;1;14.99998;47.99995;17.43335;22.2243;64;176.1;2.3;3.1;172.2
16;DuraMater;64.56187;-3.769381;7.157766;16.3073;-1.141763;0.1053888;-0.006420192;0.04054061;-0.05440956;0.9976954;-0.008808499;0.9490443;0.3150196;1;0;1;1;0.05;1;1;14.99998;47.99995;17.43335;22.2243;65;176.1;2.3;3.1;172.2
