2;Body;0.8737867;0;0;0;-0.6609272;0.1402633;-1.243774;-0.298741;-0.7079463;0.6399733;0.3878939;-0.7056753;-0.5929255;1;0;0;0;0.001;0;0.8;2.999997;0;0;0;1
2;Body;1.98208;-0.2307173;0.01718808;0.4345717;-0.6823103;0.1139318;-1.24828;-0.298741;-0.7079463;0.6399733;0.3816515;-0.7204253;-0.5790764;1;0;0;0;0.001;0;0.8;2.999997;0;0;0;2
2;Body;3.428711;-0.2717371;0.08391931;0.3217533;-0.6909956;0.09346182;-1.22977;-0.298741;-0.7079463;0.6399733;0.3802668;-0.7262224;-0.5727113;1;0;0;0;0.001;0;0.8;2.999997;0;0;0;3
2;Body;4.62621;-0.3591231;0.126125;0.256277;-0.6981853;0.07651698;-1.214447;-0.298741;-0.7079463;0.6399733;0.3810578;-0.7299165;-0.5674652;1;0;0;0;0.001;0;0.8;2.999997;0;0;0;5
2;Body;5.699924;-0.4679516;0.1540134;0.2716286;-0.7046317;0.06132387;-1.200708;-0.298741;-0.7079463;0.6399733;0.38312;-0.7309451;-0.5647464;1;0;0;0;0.001;0;0.8;2.999997;0;0;0;6
2;Body;7.094979;-0.5446188;0.1412772;0.3645714;-0.7130074;0.04158368;-1.182858;-0.298741;-0.7079463;0.6399733;0.3861856;-0.7319917;-0.5612921;1;0;0;0;0.001;0;0.8;2.999997;0;0;0;7
3;Body;8.181726;-0.6408907;0.1218845;0.4996829;-0.7195321;0.02620612;-1.168952;-0.298741;-0.7079463;0.6399733;0.3898345;-0.7318993;-0.5588851;1;0;0;0;0.001;0;0.8;2.999997;0;0;0;8
3;Body;9.780675;-0.5659347;0.01544416;0.7320714;-0.7291319;0.003580859;-1.148492;-0.298741;-0.7079463;0.6399733;0.3931934;-0.7315896;-0.5569342;1;0;0;0;0.001;0;0.8;2.999997;0;0;0;10
3;Body;11.32664;-0.6215448;0.03314575;0.739944;-0.7384136;-0.01829473;-1.128711;-0.298741;-0.7079463;0.6399733;0.3950006;-0.7335083;-0.5531185;1;0;0;0;0.001;0;0.8;2.999997;0;0;0;11
3;Body;12.93657;-0.8470877;0.08355964;0.8640593;-0.7480795;-0.04107543;-1.108111;-0.298741;-0.7079463;0.6399733;0.397629;-0.7366323;-0.5470502;1;0;0;0;0.001;0;0.8;2.999997;0;0;0;13
3;Body;14.13069;-0.9060248;0.1324314;0.866294;-0.7552488;-0.05797237;-1.092831;-0.298741;-0.7079463;0.6399733;0.3991724;-0.7392118;-0.5424272;1;0;0;0;0.001;0;0.8;2.999997;0;0;0;14
3;Body;15.95462;-1.000135;0.1378403;0.8223;-0.7661994;-0.0837811;-1.069493;-0.298741;-0.7079463;0.6399733;0.401093;-0.7413443;-0.5380827;1;0;0;0;0.001;0;0.8;2.999997;0;0;0;16
3;Body;17.03731;-1.066069;0.186753;0.7693957;-0.7726997;-0.09910124;-1.055639;-0.298741;-0.7079463;0.6399733;0.4027556;-0.7427917;-0.534835;1;0;0;0;0.001;0;0.8;2.999997;0;0;0;17
3;Body;18.0781;-1.069343;0.1640767;0.7461447;-0.7789484;-0.1138285;-1.042322;-0.298741;-0.7079463;0.6399733;0.4037331;-0.7434998;-0.5331113;1;0;0;0;0.001;0;0.8;2.999997;0;0;0;18
3;Body;19.33797;-0.9702086;0.09993767;0.7482904;-0.7865123;-0.131656;-1.026201;-0.298741;-0.7079463;0.6399733;0.4043605;-0.7444099;-0.5313628;1;0;0;0;0.001;0;0.8;2.999997;0;0;0;19
3;Body;20.42122;-1.127522;0.1233583;0.8403294;-0.7930156;-0.1469841;-1.01234;-0.298741;-0.7079463;0.6399733;0.4063515;-0.7461509;-0.5273873;1;0;0;0;0.001;0;0.8;2.999997;0;0;0;20
3;Body;21.42367;-1.143244;0.08274847;0.9345828;-0.7990342;-0.161169;-0.9995129;-0.298741;-0.7079463;0.6399733;0.408108;-0.7465151;-0.5255122;1;0;0;0;0.001;0;0.8;2.999997;0;0;0;21
3;Body;22.59723;-1.24199;0.1533614;0.8701698;-0.8060814;-0.1777743;-0.9844965;-0.298741;-0.7079463;0.6399733;0.4125241;-0.7422522;-0.5280961;1;0;0;0;0.001;0;0.8;2.999997;0;0;0;23
3;Body;23.85975;-1.197881;0.05290811;1.076664;-0.8136607;-0.1956396;-0.968342;-0.298741;-0.7079463;0.6399733;0.4133039;-0.7449442;-0.5236775;1;0;0;0;0.001;0;0.8;2.999997;0;0;0;24
3;Body;24.92988;-1.231267;0.06533979;1.09891;-0.8200846;-0.2107823;-0.9546487;-0.298741;-0.7079463;0.6399733;0.4138308;-0.7468827;-0.5204903;1;0;0;0;0.001;0;0.8;2.999997;0;0;0;25
3;Body;26.17151;-1.255275;0.08397367;1.03818;-0.8275403;-0.2283509;-0.9387612;-0.298741;-0.7079463;0.6399733;0.4139156;-0.7492832;-0.5169609;1;0;0;0;0.001;0;0.8;2.999997;0;0;0;26
3;Body;27.30602;-1.187878;0.07573763;1.082052;-0.834352;-0.2444049;-0.9242452;-0.298741;-0.7079463;0.6399733;0.4148046;-0.750368;-0.5146698;1;0;0;0;0.001;0;0.8;2.999997;0;0;0;27
4;Body;28.41997;-1.276068;0.05698076;1.23093;-0.8410392;-0.2601672;-0.9099908;-0.298741;-0.7079463;0.6399733;0.4173037;-0.7501665;-0.5129403;1;0;0;0;0.001;0;0.8;2.999997;0;0;0;28
4;Body;29.50472;-1.27269;0.08326422;1.131643;-0.8475516;-0.2755167;-0.8961109;-0.298741;-0.7079463;0.6399733;0.4180474;-0.749909;-0.5127113;1;0;0;0;0.001;0;0.8;2.999997;0;0;0;30
4;Body;30.59702;-1.293094;0.08508765;1.149638;-0.8541108;-0.2909724;-0.8821341;-0.298741;-0.7079463;0.6399733;0.4188234;-0.7512659;-0.5100849;1;0;0;0;0.001;0;0.8;2.999997;0;0;0;31
4;Body;31.84976;-1.273352;0.05390593;1.15798;-0.8616323;-0.3086983;-0.8661041;-0.298741;-0.7079463;0.6399733;0.4193264;-0.7529279;-0.5072129;1;0;0;0;0.001;0;0.8;2.999997;0;0;0;32
4;Body;33.01283;-1.265557;0.0290713;1.241414;-0.868614;-0.3251566;-0.8512223;-0.298741;-0.7079463;0.6399733;0.4197687;-0.7553522;-0.5032269;1;0;0;0;0.001;0;0.8;2.999997;0;0;0;33
4;Body;34.04474;-1.379093;0.06828362;1.23318;-0.8748091;-0.3397584;-0.8380183;-0.298741;-0.7079463;0.6399733;0.4205703;-0.7575845;-0.4991857;1;0;0;0;0.001;0;0.8;2.999997;0;0;0;34
4;Body;35.17485;-1.283904;-0.0002768784;1.304887;-0.8815945;-0.3557496;-0.823558;-0.298741;-0.7079463;0.6399733;0.4205664;-0.7588501;-0.4972629;1;0;0;0;0.001;0;0.8;2.999997;0;0;0;35
4;Body;36.39507;-1.329769;0.001442394;1.311666;-0.8889206;-0.373015;-0.8079438;-0.298741;-0.7079463;0.6399733;0.4215354;-0.7604066;-0.4940544;1;0;0;0;0.001;0;0.8;2.999997;0;0;0;36
4;Body;37.69817;-1.458666;0.07222129;1.356543;-0.8967443;-0.3914548;-0.7912705;-0.298741;-0.7079463;0.6399733;0.4232551;-0.7617807;-0.4904542;1;0;0;0;0.001;0;0.8;2.999997;0;0;0;38
4;Body;38.77446;-1.455355;0.01919054;1.438931;-0.9032068;-0.406684;-0.7774987;-0.298741;-0.7079463;0.6399733;0.4235069;-0.7639027;-0.4869237;1;0;0;0;0.001;0;0.8;2.999997;0;0;0;39
4;Body;40.10151;-1.402648;-0.006092046;1.494128;-0.9111732;-0.4254619;-0.7605178;-0.298741;-0.7079463;0.6399733;0.4237959;-0.7659852;-0.4833877;1;0;0;0;0.001;0;0.8;2.999997;0;0;0;40
4;Body;41.43095;-1.490917;-0.04445319;1.673433;-0.9191558;-0.4442734;-0.7435067;-0.298741;-0.7079463;0.6399733;0.4244382;-0.7690693;-0.477896;1;0;0;0;0.001;0;0.8;2.999997;0;0;0;41
4;Body;42.80074;-1.551352;-0.01293634;1.629115;-0.927379;-0.4636567;-0.7259797;-0.298741;-0.7079463;0.6399733;0.4253731;-0.7710683;-0.4738264;1;0;0;0;0.001;0;0.8;2.999997;0;0;0;43
4;Body;43.83897;-1.46619;-0.02518356;1.579055;-0.9336131;-0.4783479;-0.7126953;-0.298741;-0.7079463;0.6399733;0.4253045;-0.771894;-0.4725418;1;0;0;0;0.001;0;0.8;2.999997;0;0;0;44
4;Body;44.86815;-1.482166;-0.02185752;1.600243;-0.9397912;-0.4929109;-0.699526;-0.298741;-0.7079463;0.6399733;0.4257903;-0.7729931;-0.4703023;1;0;0;0;0.001;0;0.8;2.999997;0;0;0;45
5;Body;46.1323;-1.562471;0.02408459;1.54603;-0.9473821;-0.5107977;-0.6833498;-0.298741;-0.7079463;0.6399733;0.4268466;-0.7740782;-0.467552;1;0;0;0;0.001;0;0.8;2.999997;0;0;0;46
5;Body;47.14782;-1.533212;0.02972761;1.55163;-0.9534786;-0.5251676;-0.6703553;-0.298741;-0.7079463;0.6399733;0.4269112;-0.7754469;-0.4652192;1;0;0;0;0.001;0;0.8;2.999997;0;0;0;47
5;Body;48.17959;-1.577255;0.07351919;1.531572;-0.9596742;-0.5397678;-0.6571543;-0.298741;-0.7079463;0.6399733;0.4278499;-0.7762021;-0.4630925;1;0;0;0;0.001;0;0.8;2.999997;0;0;0;48
5;Body;49.18348;-1.494742;0.02432858;1.492927;-0.9657001;-0.5539731;-0.6443086;-0.298741;-0.7079463;0.6399733;0.4283371;-0.775099;-0.4644877;1;0;0;0;0.001;0;0.8;2.999997;0;0;0;49
5;Body;50.45081;-1.583504;0.0855021;1.465709;-0.9733098;-0.5719056;-0.6280921;-0.298741;-0.7079463;0.6399733;0.4304976;-0.7732243;-0.4656136;1;0;0;0;0.001;0;0.8;2.999997;0;0;0;50
5;Body;51.55878;-1.560642;0.08129602;1.425904;-0.9799617;-0.5875829;-0.6139144;-0.298741;-0.7079463;0.6399733;0.4307826;-0.7732688;-0.4652759;1;0;0;0;0.001;0;0.8;2.999997;0;0;0;52
5;Body;52.57921;-1.570306;0.08825281;1.403174;-0.986088;-0.6020222;-0.6008573;-0.298741;-0.7079463;0.6399733;0.4311839;-0.7741686;-0.4634042;1;0;0;0;0.001;0;0.8;2.999997;0;0;0;53
5;Body;53.6562;-1.695156;0.1141883;1.447243;-0.9925537;-0.6172627;-0.5870776;-0.298741;-0.7079463;0.6399733;0.4325005;-0.7755901;-0.4597862;1;0;0;0;0.001;0;0.8;2.999997;0;0;0;54
5;Body;54.72967;-1.617184;0.09882894;1.395712;-0.9990005;-0.6324515;-0.5733415;-0.298741;-0.7079463;0.6399733;0.4323301;-0.7767538;-0.4579784;1;0;0;0;0.001;0;0.8;2.999997;0;0;0;55
5;Body;55.88014;-1.63627;0.08777663;1.412184;-1.005906;-0.6487315;-0.5586204;-0.298741;-0.7079463;0.6399733;0.4328274;-0.7780047;-0.455378;1;0;0;0;0.001;0;0.8;2.999997;0;0;0;56
5;Body;57.15236;-1.651643;0.06364335;1.505059;-1.013544;-0.6667333;-0.5423414;-0.298741;-0.7079463;0.6399733;0.4329133;-0.7803245;-0.4513089;1;0;0;0;0.001;0;0.8;2.999997;0;0;0;57
5;Body;58.2321;-1.630022;0.09020235;1.423068;-1.020027;-0.6820118;-0.5285257;-0.298741;-0.7079463;0.6399733;0.4328908;-0.7813082;-0.4496256;1;0;0;0;0.001;0;0.8;2.999997;0;0;0;58
5;Body;59.32605;-1.630535;0.1080568;1.355056;-1.026596;-0.697491;-0.5145276;-0.298741;-0.7079463;0.6399733;0.4334458;-0.7819951;-0.4478934;1;0;0;0;0.001;0;0.8;2.999997;0;0;0;59
5;Body;60.45442;-1.526974;0.06554464;1.436313;-1.03337;-0.7134569;-0.5000886;-0.298741;-0.7079463;0.6399733;0.4335634;-0.7822289;-0.4473708;1;0;0;0;0.001;0;0.8;2.999997;0;0;0;60
5;Body;61.45966;-1.665476;0.115494;1.362612;-1.039406;-0.7276819;-0.487227;-0.298741;-0.7079463;0.6399733;0.4345802;-0.7830232;-0.4449884;1;0;0;0;0.001;0;0.8;2.999997;0;0;0;61
5;Body;62.57358;-1.649618;0.1161772;1.380711;-1.046093;-0.7434443;-0.472974;-0.298741;-0.7079463;0.6399733;0.4347699;-0.7847344;-0.4417771;1;0;0;0;0.001;0;0.8;2.999997;0;0;0;63
6;Body;63.61567;-1.517433;0.08663274;1.243425;-1.052349;-0.758189;-0.4596385;-0.298741;-0.7079463;0.6399733;0.4341531;-0.7847778;-0.4423064;1;0;0;0;0.001;0;0.8;2.999997;0;0;0;64
6;Body;64.62672;-1.472622;0.07656081;1.217128;-1.058419;-0.7724968;-0.446703;-0.298741;-0.7079463;0.6399733;0.4339669;-0.7860663;-0.440196;1;0;0;0;0.001;0;0.8;2.999997;0;0;0;65
