5;Body;0.9231532;0;0;0;-1.148101;-0.08428515;-1.268821;-0.2485212;-0.3046542;0.9194689;-0.1519966;0.9490647;0.2759949;1;1;0;0;0.001;0;0;2.999997;0;0;0;1
5;SubcutaneousFat;2.792382;0.1233526;-0.1092434;0.0250313;-1.154352;-0.1021118;-1.235773;-0.2485212;-0.3046542;0.9194689;-0.1557148;0.9485552;0.2756734;0.2;0;0;0;0.05;0;0;5.999993;2.999997;5.647563;5.27088;3
5;SubcutaneousFat;4.164662;0.02012865;-0.04405527;0.0263125;-1.161141;-0.1105167;-1.210544;-0.2485212;-0.3046542;0.9194689;-0.1597387;0.9487621;0.2726426;0.2;0;0;0;0.05;0;0;5.999993;2.999997;5.647563;5.27088;4
5;SubcutaneousFat;5.549947;-0.05149395;0.003167431;0.02551362;-1.167994;-0.1190013;-1.185075;-0.2485212;-0.3046542;0.9194689;-0.1647782;0.947964;0.2724195;0.2;0;0;0;0.05;0;0;5.999993;2.999997;5.647563;5.27088;6
6;Muscle;6.603508;0.002102857;-0.08780068;0.07325562;-1.173206;-0.1254541;-1.165705;-0.2485212;-0.3046542;0.9194689;-0.1678742;0.9463976;0.2759526;0.8;0;0;0;0.05;0;0;3.999996;8.99999;17.76565;14.2637;7
6;Muscle;7.72746;0.0229789;-0.06774631;0.04482881;-1.178766;-0.132338;-1.145041;-0.2485212;-0.3046542;0.9194689;-0.1698344;0.9462152;0.2753782;0.8;0;0;0;0.05;0;0;3.999996;8.99999;17.76565;14.2637;8
6;Muscle;8.831668;-0.003276267;-0.1705011;0.5142075;-1.184228;-0.1391009;-1.12474;-0.2485212;-0.3046542;0.9194689;-0.1825999;0.9370939;0.2975101;0.8;0;0;0;0.05;0;0;3.999996;8.99999;17.76565;14.2637;9
6;InterspinousLigament;10.39178;-0.1357368;-0.4822407;0.4830063;-1.191946;-0.1486563;-1.096057;-0.2485212;-0.3046542;0.9194689;-0.1824226;0.9374886;0.2963732;0.2;0;0;0;0.05;0;0;25.99997;12.99999;5.013647;6.495889;10
6;InterspinousLigament;11.40996;-0.1867223;-0.4707278;0.501169;-1.196983;-0.1548923;-1.077338;-0.2485212;-0.3046542;0.9194689;-0.1927413;0.9285046;0.31738;0.2;0;0;0;0.05;0;0;25.99997;12.99999;5.013647;6.495889;11
7;InterspinousLigament;12.51123;-0.3530903;-0.4963828;0.6140129;-1.202431;-0.1616372;-1.057091;-0.2485212;-0.3046542;0.9194689;-0.192788;0.931095;0.309669;0.2;0;0;0;0.05;0;0;25.99997;12.99999;5.013647;6.495889;13
7;InterspinousLigament;13.55559;-0.399787;-0.5134127;0.6540159;-1.207597;-0.1680337;-1.03789;-0.2485212;-0.3046542;0.9194689;-0.1956983;0.9315553;0.3064422;0.2;0;0;0;0.05;0;0;25.99997;12.99999;5.013647;6.495889;14
7;InterspinousLigament;14.90749;-0.3941037;-0.5083215;0.6465893;-1.214285;-0.1763137;-1.013035;-0.2485212;-0.3046542;0.9194689;-0.196461;0.9324204;0.3033071;0.2;0;0;0;0.05;0;0;25.99997;12.99999;5.013647;6.495889;15
7;InterspinousLigament;16.06842;-0.3365769;-0.4131653;0.772566;-1.220028;-0.1834249;-0.9916913;-0.2485212;-0.3046542;0.9194689;-0.2002275;0.9318697;0.3025355;0.2;0;0;0;0.05;0;0;25.99997;12.99999;5.013647;6.495889;16
7;InterspinousLigament;17.20703;-0.5027209;-0.5947499;0.779312;-1.225662;-0.1903974;-0.9707577;-0.2485212;-0.3046542;0.9194689;-0.2028908;0.9309242;0.30367;0.2;0;0;0;0.05;0;0;25.99997;12.99999;5.013647;6.495889;17
7;InterspinousLigament;18.27922;-0.4480634;-0.6085579;0.7610832;-1.230965;-0.1969649;-0.9510454;-0.2485212;-0.3046542;0.9194689;-0.204178;0.9291248;0.308283;0.2;0;0;0;0.05;0;0;25.99997;12.99999;5.013647;6.495889;18
7;InterspinousLigament;19.3065;-0.489753;-0.6121625;0.786967;-1.236048;-0.2032567;-0.9321586;-0.2485212;-0.3046542;0.9194689;-0.2051868;0.9294031;0.3067708;0.2;0;0;0;0.05;0;0;25.99997;12.99999;5.013647;6.495889;19
7;InterspinousLigament;20.4238;-0.4851721;-0.602553;0.7763149;-1.241575;-0.2101;-0.9116169;-0.2485212;-0.3046542;0.9194689;-0.2066966;0.9298383;0.3044293;0.2;0;0;0;0.05;0;0;25.99997;12.99999;5.013647;6.495889;20
8;InterspinousLigament;21.43031;-0.4580071;-0.6887559;0.8344926;-1.246554;-0.2162646;-0.8931119;-0.2485212;-0.3046542;0.9194689;-0.2080075;0.9292748;0.305256;0.2;0;0;0;0.05;0;0;25.99997;12.99999;5.013647;6.495889;21
8;InterspinousLigament;22.74866;-0.5110952;-0.6643511;0.8446563;-1.253076;-0.2243392;-0.868874;-0.2485212;-0.3046542;0.9194689;-0.2101783;0.929589;0.3028026;0.2;0;0;0;0.05;0;0;25.99997;12.99999;5.013647;6.495889;23
8;InterspinousLigament;23.90534;-0.573873;-0.6646748;0.8775325;-1.258798;-0.2314236;-0.8476081;-0.2485212;-0.3046542;0.9194689;-0.2137915;0.9297182;0.2998621;0.2;0;0;0;0.05;0;0;25.99997;12.99999;5.013647;6.495889;24
8;InterspinousLigament;24.94148;-0.562417;-0.7061723;0.9064266;-1.263924;-0.2377697;-0.8285587;-0.2485212;-0.3046542;0.9194689;-0.2152234;0.9295677;0.2993039;0.2;0;0;0;0.05;0;0;25.99997;12.99999;5.013647;6.495889;25
8;InterspinousLigament;25.99299;-0.552537;-0.7283173;0.9197832;-1.269126;-0.24421;-0.8092264;-0.2485212;-0.3046542;0.9194689;-0.2166619;0.9294102;0.2987548;0.2;0;0;0;0.05;0;0;25.99997;12.99999;5.013647;6.495889;26
8;LigamentumFlavum;27.21855;-0.5712618;-0.7362089;0.9367241;-1.275189;-0.2517157;-0.7866943;-0.2485212;-0.3046542;0.9194689;-0.2206785;0.9253;0.3084167;0.2;0;0;0;0.05;0;0;2.999997;38.99996;60.61674;53.02357;27
8;EpiduralSpace;28.41374;-0.5280849;-0.7573291;0.9309795;-1.281102;-0.2590363;-0.7647206;-0.2485212;-0.3046542;0.9194689;-0.2250417;0.9232454;0.3114067;0.2;0;0;0;0.05;0;0;5.999993;41.99995;8.165765;8.399866;28
8;EpiduralSpace;29.44995;-0.5669302;-0.7587794;0.9534807;-1.286227;-0.2653835;-0.7456697;-0.2485212;-0.3046542;0.9194689;-0.2275836;0.9211689;0.3156796;0.2;0;0;0;0.05;0;0;5.999993;41.99995;8.165765;8.399866;29
8;EpiduralSpace;30.47236;-0.5773038;-0.7762476;0.9739634;-1.291285;-0.2716455;-0.7268726;-0.2485212;-0.3046542;0.9194689;-0.2289792;0.9200753;0.3178521;0.2;0;0;0;0.05;0;0;5.999993;41.99995;8.165765;8.399866;30
8;EpiduralSpace;31.72274;-0.6003049;-0.7687973;0.9802428;-1.297472;-0.2793032;-0.7038842;-0.2485212;-0.3046542;0.9194689;-0.230546;0.9200617;0.3167569;0.2;0;0;0;0.05;0;0;5.999993;41.99995;8.165765;8.399866;32
9;DuraMater;33.07471;-0.6091976;-0.7713993;0.9873173;-1.30416;-0.2875838;-0.6790279;-0.2485212;-0.3046542;0.9194689;-0.233936;0.9183565;0.3192104;0.2;0;0;0;0.05;0;0;14.99998;47.99995;18.0776;16.38559;33
9;DuraMater;34.07833;-0.6212773;-0.7719883;0.9944332;-1.309125;-0.2937307;-0.6605763;-0.2485212;-0.3046542;0.9194689;-0.2356374;0.9177569;0.319683;0.2;0;0;0;0.05;0;0;14.99998;47.99995;18.0776;16.38559;34
9;DuraMater;35.11263;-0.680427;-0.7499353;1.008134;-1.314242;-0.300066;-0.6415607;-0.2485212;-0.3046542;0.9194689;-0.2376114;0.9172441;0.3196937;0.2;0;0;0;0.05;0;0;14.99998;47.99995;18.0776;16.38559;35
9;DuraMater;36.12782;-0.6183065;-0.7915092;1.00935;-1.319264;-0.306284;-0.6228964;-0.2485212;-0.3046542;0.9194689;-0.2392042;0.9151009;0.3246101;0.2;0;0;0;0.05;0;0;14.99998;47.99995;18.0776;16.38559;36
10;DuraMater;37.23088;-0.6646785;-0.7801427;1.025112;-1.324721;-0.3130402;-0.6026164;-0.2485212;-0.3046542;0.9194689;-0.2421811;0.9124677;0.3297742;0.2;0;0;0;0.05;0;0;14.99998;47.99995;18.0776;16.38559;37
10;DuraMater;38.23125;-0.6358989;-0.8068612;1.031991;-1.329668;-0.3191661;-0.5842237;-0.2485212;-0.3046542;0.9194689;-0.2436068;0.9111525;0.3323506;0.2;0;0;0;0.05;0;0;14.99998;47.99995;18.0776;16.38559;38
10;DuraMater;39.33195;-0.6695763;-0.8041842;1.04817;-1.335114;-0.3259081;-0.5639876;-0.2485212;-0.3046542;0.9194689;-0.2466423;0.9099492;0.3334067;0.2;0;0;0;0.05;0;0;14.99998;47.99995;18.0776;16.38559;39
10;DuraMater;40.37408;-0.7045133;-0.8023739;1.065764;-1.34027;-0.3322912;-0.5448279;-0.2485212;-0.3046542;0.9194689;-0.2496658;0.9088202;0.3342348;0.2;0;0;0;0.05;0;0;14.99998;47.99995;18.0776;16.38559;40
10;DuraMater;41.65744;-0.7574481;-0.7972766;1.090427;-1.346618;-0.3401509;-0.5212328;-0.2485212;-0.3046542;0.9194689;-0.2520893;0.9090883;0.3316767;0.2;0;0;0;0.05;0;0;14.99998;47.99995;18.0776;16.38559;42
10;DuraMater;42.95247;-0.7825599;-0.8096297;1.114651;-1.353026;-0.3480827;-0.4974241;-0.2485212;-0.3046542;0.9194689;-0.2540874;0.9086685;0.3313022;0.2;0;0;0;0.05;0;0;14.99998;47.99995;18.0776;16.38559;43
10;DuraMater;44.11808;-0.792352;-0.8269218;1.134664;-1.358791;-0.3552223;-0.4759939;-0.2485212;-0.3046542;0.9194689;-0.2562676;0.9071532;0.3337665;0.2;0;0;0;0.05;0;0;14.99998;47.99995;18.0776;16.38559;44
11;DuraMater;45.18817;-0.7672716;-0.9255232;1.204495;-1.364085;-0.3617768;-0.4563203;-0.2485212;-0.3046542;0.9194689;-0.2585868;0.9052004;0.3372613;0.2;0;0;0;0.05;0;0;14.99998;47.99995;18.0776;16.38559;45
11;DuraMater;46.29391;-0.7803507;-0.9442789;1.227547;-1.369555;-0.3685479;-0.4359906;-0.2485212;-0.3046542;0.9194689;-0.2599953;0.9048088;0.3372292;0.2;0;0;0;0.05;0;0;14.99998;47.99995;18.0776;16.38559;46
11;DuraMater;47.39807;-0.7816678;-0.9735823;1.253103;-1.375018;-0.3753114;-0.415691;-0.2485212;-0.3046542;0.9194689;-0.2604682;0.9051514;0.3359423;0.2;0;0;0;0.05;0;0;14.99998;47.99995;18.0776;16.38559;47
11;DuraMater;48.50079;-0.8110766;-0.9843473;1.27833;-1.380473;-0.3820662;-0.3954174;-0.2485212;-0.3046542;0.9194689;-0.2637768;0.9035258;0.3377321;0.2;0;0;0;0.05;0;0;14.99998;47.99995;18.0776;16.38559;49
11;DuraMater;49.54562;-0.7998304;-1.021579;1.303725;-1.385641;-0.3884654;-0.3762079;-0.2485212;-0.3046542;0.9194689;-0.2659751;0.9025556;0.3386011;0.2;0;0;0;0.05;0;0;14.99998;47.99995;18.0776;16.38559;50
11;DuraMater;50.86021;-0.8033974;-1.034251;1.316417;-1.392145;-0.3965158;-0.3520387;-0.2485212;-0.3046542;0.9194689;-0.2687614;0.9008862;0.3408392;0.2;0;0;0;0.05;0;0;14.99998;47.99995;18.0776;16.38559;51
11;DuraMater;51.9022;-0.8243969;-1.057189;1.347353;-1.397298;-0.4028976;-0.3328811;-0.2485212;-0.3046542;0.9194689;-0.27113;0.8993676;0.3429672;0.2;0;0;0;0.05;0;0;14.99998;47.99995;18.0776;16.38559;52
11;DuraMater;53.23729;-0.8224463;-1.100927;1.383355;-1.403904;-0.4110756;-0.308336;-0.2485212;-0.3046542;0.9194689;-0.2722705;0.9000204;0.3403411;0.2;0;0;0;0.05;0;0;14.99998;47.99995;18.0776;16.38559;53
11;DuraMater;54.34933;-0.8558112;-1.096357;1.397743;-1.409405;-0.417886;-0.2878904;-0.2485212;-0.3046542;0.9194689;-0.2735223;0.899994;0.339406;0.2;0;0;0;0.05;0;0;14.99998;47.99995;18.0776;16.38559;54
11;DuraMater;55.5302;-0.8502092;-1.118577;1.413513;-1.415247;-0.4251193;-0.2661804;-0.2485212;-0.3046542;0.9194689;-0.2765099;0.8972365;0.3442512;0.2;0;0;0;0.05;0;0;14.99998;47.99995;18.0776;16.38559;56
11;DuraMater;56.83321;-0.8086908;-1.100126;1.37514;-1.421694;-0.433099;-0.2422242;-0.2485212;-0.3046542;0.9194689;-0.2785026;0.8960854;0.3456405;0.2;0;0;0;0.05;0;0;14.99998;47.99995;18.0776;16.38559;57
11;DuraMater;57.93594;-0.7672344;-1.097184;1.34995;-1.427148;-0.4398537;-0.2219504;-0.2485212;-0.3046542;0.9194689;-0.2781508;0.8974749;0.3423023;0.2;0;0;0;0.05;0;0;14.99998;47.99995;18.0776;16.38559;58
12;DuraMater;59.11798;-0.8543177;-1.045056;1.353456;-1.432995;-0.4470933;-0.2002183;-0.2485212;-0.3046542;0.9194689;-0.2798769;0.8977536;0.340158;0.2;0;0;0;0.05;0;0;14.99998;47.99995;18.0776;16.38559;59
12;DuraMater;60.18514;-0.8746789;-1.030798;1.352523;-1.438275;-0.453629;-0.1805984;-0.2485212;-0.3046542;0.9194689;-0.2812573;0.897274;0.3402847;0.2;0;0;0;0.05;0;0;14.99998;47.99995;18.0776;16.38559;60
12;DuraMater;61.3975;-0.9088047;-0.9592726;1.310599;-1.444274;-0.4610544;-0.1583091;-0.2485212;-0.3046542;0.9194689;-0.2831415;0.8975273;0.3380468;0.2;0;0;0;0.05;0;0;14.99998;47.99995;18.0776;16.38559;61
12;DuraMater;62.56898;-0.8720154;-1.027107;1.347942;-1.450067;-0.4682308;-0.1367713;-0.2485212;-0.3046542;0.9194689;-0.285504;0.8954825;0.3414652;0.2;0;0;0;0.05;0;0;14.99998;47.99995;18.0776;16.38559;63
12;DuraMater;63.57704;-0.9022068;-1.020079;1.358513;-1.455055;-0.4744052;-0.1182383;-0.2485212;-0.3046542;0.9194689;-0.2875127;0.8935858;0.344733;0.2;0;0;0;0.05;0;0;14.99998;47.99995;18.0776;16.38559;64
12;DuraMater;64.58524;-0.8840708;-0.9618337;1.299216;-1.460042;-0.480579;-0.09970183;-0.2485212;-0.3046542;0.9194689;-0.2896974;0.8912531;0.3489174;0.2;0;0;0;0.05;0;0;14.99998;47.99995;18.0776;16.38559;65
