6;SubcutaneousFat;6.085363;0;0;0;-1.286053;0.03577944;-1.183587;-0.2028373;-0.2747427;0.9398795;0.3340677;0.8825629;0.3308799;0.2;0.1;0.22;0.21;0.407;0.33;0.4;5.999993;2.999997;6.041622;6.858065;6;160.0;11.7;15.9;141.2
6;Muscle;8.25981;-0.4293351;-0.03589505;0.4439133;-1.305543;0.01817402;-1.171555;-0.2028373;-0.2747427;0.9398795;0.328855;0.887961;0.3215272;0.8;0.705;0;0;0.15;0.5;0.96;3.999996;8.99999;25.45032;19.48823;8;160.0;11.7;15.9;141.2
6;Muscle;10.5274;-0.4522449;-0.01109776;0.4169413;-1.309742;0.0124076;-1.151877;-0.2028373;-0.2747427;0.9398795;0.3236427;0.8908772;0.3187369;0.8;0.705;0;0;0.15;0.5;0.96;3.999996;8.99999;25.45032;19.48823;11;160.0;11.7;15.9;141.2
6;InterspinousLigament;13.16181;-0.4616548;0.0259358;0.3901347;-1.31462;0.005708505;-1.129015;-0.2028373;-0.2747427;0.9398795;0.3211393;0.8921876;0.3176018;0.8;0.75;0;0;0.25;0.6;0.995;25.99997;12.99999;3.636422;7.072811;13;160.0;11.7;15.9;141.2
6;InterspinousLigament;16.4002;-0.2670171;0.1846277;0.5671132;-1.320616;-0.002527203;-1.100911;-0.2028373;-0.2747427;0.9398795;0.3147707;0.891059;0.3270064;0.8;0.75;0;0;0.25;0.6;0.995;25.99997;12.99999;3.636422;7.072811;16;160.0;11.7;15.9;141.2
6;InterspinousLigament;19.69274;-0.4420044;0.109008;0.6570268;-1.326713;-0.01090042;-1.072338;-0.2028373;-0.2747427;0.9398795;0.3135515;0.8901813;0.330549;0.8;0.75;0;0;0.25;0.6;0.995;25.99997;12.99999;3.636422;7.072811;20;160.0;11.7;15.9;141.2
6;InterspinousLigament;20.75334;-0.3491936;0.0399688;0.6254909;-1.328678;-0.01359701;-1.063134;-0.2028373;-0.2747427;0.9398795;0.3174051;0.8875745;0.3338645;0.8;0.75;0;0;0.25;0.6;0.995;25.99997;12.99999;3.636422;7.072811;21;160.0;11.7;15.9;141.2
6;InterspinousLigament;21.89923;-0.264973;0.02044401;0.6000965;-1.330799;-0.0165113;-1.05319;-0.2028373;-0.2747427;0.9398795;0.3188718;0.8856609;0.3375287;0.8;0.75;0;0;0.25;0.6;0.995;25.99997;12.99999;3.636422;7.072811;22;160.0;11.7;15.9;141.2
6;InterspinousLigament;23.12509;-0.3142658;0.1119656;0.6153012;-1.333068;-0.01962909;-1.042551;-0.2028373;-0.2747427;0.9398795;0.3210511;0.8847073;0.3379633;0.8;0.75;0;0;0.25;0.6;0.995;25.99997;12.99999;3.636422;7.072811;23;160.0;11.7;15.9;141.2
6;InterspinousLigament;24.75194;-0.3146592;0.2775052;0.7068364;-1.33608;-0.02376667;-1.028433;-0.2028373;-0.2747427;0.9398795;0.3197218;0.8853384;0.3375706;0.8;0.75;0;0;0.25;0.6;0.995;25.99997;12.99999;3.636422;7.072811;25;160.0;11.7;15.9;141.2
6;InterspinousLigament;25.82204;-0.3862131;0.3481551;0.748136;-1.338062;-0.02648742;-1.019147;-0.2028373;-0.2747427;0.9398795;0.3195037;0.8858248;0.3364993;0.8;0.75;0;0;0.25;0.6;0.995;25.99997;12.99999;3.636422;7.072811;26;160.0;11.7;15.9;141.2
6;InterspinousLigament;29.27954;0.03260471;0.5944377;2.098727;-1.344465;-0.03528053;-0.9891421;-0.2028373;-0.2747427;0.9398795;0.2832166;0.9063466;0.3135669;0.8;0.75;0;0;0.25;0.6;0.995;25.99997;12.99999;3.636422;7.072811;29;160.0;11.7;15.9;141.2
6;LigamentumFlavum;42.00166;-0.008669064;0.5698453;2.093815;-1.368023;-0.06763413;-0.878737;-0.2028373;-0.2747427;0.9398795;0.2762133;0.9092125;0.3115107;0.9;0.6;0.523;0;0.2;0.7;0.997;2.999997;38.99996;45.47754;48.85009;42;160.0;11.7;15.9;141.2
6;LigamentumFlavum;43.87895;-0.07912357;0.5879087;2.06348;-1.371497;-0.07240897;-0.8624454;-0.2028373;-0.2747427;0.9398795;0.2589138;0.9161491;0.3059976;0.9;0.6;0.523;0;0.2;0.7;0.997;2.999997;38.99996;45.47754;48.85009;44;160.0;11.7;15.9;141.2
6;LigamentumFlavum;45.66879;-0.2013732;0.6331709;2.086387;-1.374812;-0.07696015;-0.8469128;-0.2028373;-0.2747427;0.9398795;0.2447473;0.9209352;0.3032773;0.9;0.6;0.523;0;0.2;0.7;0.997;2.999997;38.99996;45.47754;48.85009;46;160.0;11.7;15.9;141.2
6;LigamentumFlavum;47.09959;-0.2960684;0.6719746;2.196028;-1.377462;-0.08059874;-0.8344962;-0.2028373;-0.2747427;0.9398795;0.2365101;0.9239305;0.3006916;0.9;0.6;0.523;0;0.2;0.7;0.997;2.999997;38.99996;45.47754;48.85009;47;160.0;11.7;15.9;141.2
6;LigamentumFlavum;48.80123;-0.3080655;0.7076172;2.219535;-1.380613;-0.08492527;-0.8197287;-0.2028373;-0.2747427;0.9398795;0.2284279;0.9270872;0.2972037;0.9;0.6;0.523;0;0.2;0.7;0.997;2.999997;38.99996;45.47754;48.85009;49;160.0;11.7;15.9;141.2
6;LigamentumFlavum;49.80913;-0.2307629;0.6855732;2.213592;-1.382481;-0.08748928;-0.8109825;-0.2028373;-0.2747427;0.9398795;0.2217246;0.9290559;0.2961304;0.9;0.6;0.523;0;0.2;0.7;0.997;2.999997;38.99996;45.47754;48.85009;50;160.0;11.7;15.9;141.2
6;LigamentumFlavum;51.3548;-0.1099363;0.6964908;2.234352;-1.385342;-0.09142088;-0.797569;-0.2028373;-0.2747427;0.9398795;0.2036581;0.9334314;0.2953458;0.9;0.6;0.523;0;0.2;0.7;0.997;2.999997;38.99996;45.47754;48.85009;51;160.0;11.7;15.9;141.2
6;LigamentumFlavum;52.94632;-0.08909468;0.6209579;2.156697;-1.388288;-0.09546702;-0.783757;-0.2028373;-0.2747427;0.9398795;0.1892072;0.9371259;0.2932504;0.9;0.6;0.523;0;0.2;0.7;0.997;2.999997;38.99996;45.47754;48.85009;53;160.0;11.7;15.9;141.2
7;LigamentumFlavum;54.80544;-0.05167462;0.5983832;2.100488;-1.391732;-0.1001949;-0.7676233;-0.2028373;-0.2747427;0.9398795;0.1632976;0.9422973;0.2922494;0.9;0.6;0.523;0;0.2;0.7;0.997;2.999997;38.99996;45.47754;48.85009;55;160.0;11.7;15.9;141.2
7;LigamentumFlavum;56.1908;-0.1275489;0.5352165;1.974138;-1.394295;-0.1037184;-0.7556006;-0.2028373;-0.2747427;0.9398795;0.1445144;0.9458857;0.2905442;0.9;0.6;0.523;0;0.2;0.7;0.997;2.999997;38.99996;45.47754;48.85009;56;160.0;11.7;15.9;141.2
7;LigamentumFlavum;57.90957;-0.3544419;0.5914958;2.017719;-1.39748;-0.1080896;-0.7406852;-0.2028373;-0.2747427;0.9398795;0.1275216;0.9486353;0.2895328;0.9;0.6;0.523;0;0.2;0.7;0.997;2.999997;38.99996;45.47754;48.85009;58;160.0;11.7;15.9;141.2
7;LigamentumFlavum;58.95821;-0.4439417;0.6063658;2.02676;-1.39942;-0.1107562;-0.7315847;-0.2028373;-0.2747427;0.9398795;0.1237853;0.9494812;0.2883793;0.9;0.6;0.523;0;0.2;0.7;0.997;2.999997;38.99996;45.47754;48.85009;59;160.0;11.7;15.9;141.2
7;LigamentumFlavum;60.09995;-0.4775272;0.6686229;2.125455;-1.401534;-0.113659;-0.7216761;-0.2028373;-0.2747427;0.9398795;0.1188876;0.9501004;0.2884006;0.9;0.6;0.523;0;0.2;0.7;0.997;2.999997;38.99996;45.47754;48.85009;60;160.0;11.7;15.9;141.2
7;LigamentumFlavum;62.00031;-0.4418302;0.6755162;2.13828;-1.405054;-0.1184935;-0.7051852;-0.2028373;-0.2747427;0.9398795;0.1133255;0.9510869;0.2873864;0.9;0.6;0.523;0;0.2;0.7;0.997;2.999997;38.99996;45.47754;48.85009;62;160.0;11.7;15.9;141.2
7;LigamentumFlavum;63.40828;0;0;0;-1.407661;-0.1220737;-0.6929665;-0.2028373;-0.2747427;0.9398795;0.1080491;0.9517872;0.2871001;0.9;0.6;0.523;0;0.2;0.7;0.997;2.999997;38.99996;45.47754;48.85009;63;160.0;11.7;15.9;141.2
7;LigamentumFlavum;64.92999;-0.4363587;0.6899893;2.219333;-1.410479;-0.1259441;-0.6797609;-0.2028373;-0.2747427;0.9398795;0.1017556;0.9521005;0.2883583;0.9;0.6;0.523;0;0.2;0.7;0.997;2.999997;38.99996;45.47754;48.85009;65;160.0;11.7;15.9;141.2
