1;;0;0;0;0;-0.03408397;-1.144046;-0.4454846;0.05208403;-0.396865;0.916398;0.5800833;-0.7349343;-0.3512478;0;0;0;0;0;0;0;0;0;0;0
2;;0;0;0;0;-0.58295;0.2062803;-2.029183;-0.2289401;-0.8494642;0.4753914;0.4350291;-0.5261637;-0.7306856;0;0;0;0;0;0;0;0;0;0;0
3;Body;7.54273;-0.01885414;0.5152636;0.6882122;-0.8040581;-0.06466444;-1.171269;-0.3734263;-0.663765;0.6480501;0.382952;-0.7685395;-0.5125375;0.2;0;0;0;0.001;0;1;3.654665;0;0;0
4;Body;12.15928;0.1956711;0.8654059;1.028281;-0.8384684;-0.1257597;-1.1112;-0.3734263;-0.663765;0.6480501;0.3991307;-0.7566819;-0.51781;0.2;0;0;0;0.001;0;1;3.654665;0;0;0
5;Body;12.47319;0.1231995;0.9641861;0.962579;-0.8408071;-0.1299146;-1.107115;-0.3734263;-0.663765;0.6480501;0.3776394;-0.7933418;-0.4774905;0.2;0;0;0;0.001;0;1;3.654665;0;0;0
6;Body;13.95782;0.1316978;1.132662;1.272568;-0.8518736;-0.1495624;-1.087798;-0.3734263;-0.663765;0.6480501;0.3826044;-0.7961903;-0.4687161;0.2;0;0;0;0.001;0;1;3.654665;0;0;0
7;Body;21.98167;0.5406044;1.686056;1.811836;-0.9116781;-0.2557511;-0.9833937;-0.3734263;-0.663765;0.6480501;0.3779052;-0.8219472;-0.4261343;0.2;0;0;0;0.001;0;1;3.654665;0;0;0
8;Body;23.4745;0.570348;1.818553;1.960242;-0.9228057;-0.2755066;-0.9639693;-0.3734263;-0.663765;0.6480501;0.3802234;-0.8249288;-0.4182376;0.2;0;0;0;0.001;0;1;3.654665;0;0;0
9;Body;29.68988;0.9051808;2.286165;2.661883;-0.9691309;-0.3577625;-0.8830969;-0.3734263;-0.663765;0.6480501;0.3774717;-0.8469294;-0.3744673;0.2;0;0;0;0.001;0;1;3.654665;0;0;0
10;Body;39.1762;1.122163;2.954457;3.613464;-1.039838;-0.483305;-0.7596643;-0.3734263;-0.663765;0.6480501;0.3890006;-0.8649352;-0.3171209;0.2;0;0;0;0.001;0;1;3.654665;0;0;0
11;Body;48.90297;0;0;0;-1.112337;-0.6120298;-0.6331019;-0.3734263;-0.663765;0.6480501;0.3871632;-0.889376;-0.2431359;0.2;0;0;0;0.001;0;1;3.654665;0;0;0
12;Body;50.1413;1.780172;3.626204;4.789623;-1.121567;-0.6284177;-0.6169893;-0.3734263;-0.663765;0.6480501;0.377697;-0.8975947;-0.2273076;0.2;0;0;0;0.001;0;1;3.654665;0;0;0
13;Body;49.47388;0;0;0;-1.116591;-0.6195859;-0.6256736;-0.3734263;-0.663765;0.6480501;0.3861053;-0.8913029;-0.2377013;0.2;0;0;0;0.001;0;1;3.654665;0;0;0
14;Body;49.55355;1.59073;3.678407;4.678078;-1.117186;-0.6206397;-0.6246369;-0.3734263;-0.663765;0.6480501;0.3863211;-0.8913772;-0.2370709;0.2;0;0;0;0.001;0;1;3.654665;0;0;0
15;Body;49.55355;1.59073;3.678407;4.678078;-1.117185;-0.62064;-0.6246369;-0.3734263;-0.663765;0.6480501;0.3868836;-0.8907171;-0.2386296;0.2;0;0;0;0.001;0;1;3.654665;0;0;0
16;Body;49.98843;1.586089;3.723766;4.712134;-1.120427;-0.6263949;-0.6189787;-0.3734263;-0.663765;0.6480501;0.3880202;-0.8910887;-0.2353747;0.2;0;0;0;0.001;0;1;3.654665;0;0;0
17;Body;50.10202;1.590506;3.741231;4.699921;-1.121272;-0.6278983;-0.6174998;-0.3734263;-0.663765;0.6480501;0.3877509;-0.8914529;-0.2344375;0.2;0;0;0;0.001;0;1;3.654665;0;0;0
18;Body;31.47208;1.052085;2.147894;2.779884;-0.9824153;-0.3813478;-0.8599075;-0.3734263;-0.663765;0.6480501;0.3729636;-0.8513703;-0.3688722;0.2;0;0;0;0.001;0;1;3.654665;0;0;0
19;Body;21.89339;0.6078241;1.542769;2.094017;-0.9110215;-0.2545822;-0.9845425;-0.3734263;-0.663765;0.6480501;0.3778819;-0.8227084;-0.4246836;0.2;0;0;0;0.001;0;1;3.654665;0;0;0
20;Body;20.69539;0.4825292;1.478251;1.993605;-0.9020917;-0.2387278;-1.00013;-0.3734263;-0.663765;0.6480501;0.3780043;-0.8211358;-0.4276082;0.2;0;0;0;0.001;0;1;3.654665;0;0;0
21;Body;10.68751;0.1276373;0.6754112;1.042073;-0.8274986;-0.1062824;-1.13035;-0.3734263;-0.663765;0.6480501;0.3742081;-0.7910883;-0.4838879;0.2;0;0;0;0.001;0;1;3.654665;0;0;0
22;Body;7.5424;-0.02678132;0.5013969;0.7888626;-0.8040567;-0.06465979;-1.171273;-0.3734263;-0.663765;0.6480501;0.3771271;-0.7784666;-0.5017617;0.2;0;0;0;0.001;0;1;3.654665;0;0;0
23;Body;23.86534;0.4990472;1.851654;2.44825;-0.9257189;-0.2806786;-0.9588832;-0.3734263;-0.663765;0.6480501;0.3845279;-0.8319245;-0.4000499;0.2;0;0;0;0.001;0;1;3.654665;0;0;0
24;Body;37.62673;0.9768789;2.761277;3.793209;-1.028288;-0.4627994;-0.779825;-0.3734263;-0.663765;0.6480501;0.3944623;-0.8603251;-0.3228625;0.2;0;0;0;0.001;0;1;3.654665;0;0;0
25;Body;48.16102;1.306205;3.547191;4.981185;-1.106807;-0.6022108;-0.6427563;-0.3734263;-0.663765;0.6480501;0.4060045;-0.8786911;-0.2511221;0.2;0;0;0;0.001;0;1;3.654665;0;0;0
26;Body;55.12305;1.397333;4.139701;5.629585;-1.158698;-0.6943473;-0.5521684;-0.3734263;-0.663765;0.6480501;0.4210361;-0.8840712;-0.2028466;0.2;0;0;0;0.001;0;1;3.654665;0;0;0
27;Body;54.61607;1.293329;4.177093;5.455021;-1.154918;-0.687638;-0.5587649;-0.3734263;-0.663765;0.6480501;0.4221281;-0.8827296;-0.2063888;0.2;0;0;0;0.001;0;1;3.654665;0;0;0
28;Body;54.44227;1.269071;4.174635;5.441165;-1.153622;-0.6853378;-0.561026;-0.3734263;-0.663765;0.6480501;0.4225905;-0.882473;-0.2065397;0.2;0;0;0;0.001;0;1;3.654665;0;0;0
29;Body;54.41288;1.262593;4.174635;5.438848;-1.153404;-0.684948;-0.5614077;-0.3734263;-0.663765;0.6480501;0.4226754;-0.882473;-0.2063659;0.2;0;0;0;0.001;0;1;3.654665;0;0;0
30;Body;47.33941;1.095031;3.640592;4.560518;-1.100683;-0.5913373;-0.6534466;-0.3734263;-0.663765;0.6480501;0.4099423;-0.8749391;-0.2577379;0.2;0;0;0;0.001;0;1;3.654665;0;0;0
31;Body;5.762316;-0.08391327;0.3411699;0.5150555;-0.7907888;-0.04110199;-1.194435;-0.3734263;-0.663765;0.6480501;0.3879431;-0.753791;-0.5303766;0.2;0;0;0;0.001;0;1;3.654665;0;0;0
32;Body;0;0;0;0;-0.5154357;0.04937702;-1.219381;-0.3098078;-0.7032951;0.6398399;0.4322537;-0.7035675;-0.5640475;0.2;0;0;0;0.001;0;1;3.654665;0;0;0
